Facility|MS-DRG |Expected  Payment
GGH|1|235,782.53
GGH|2|119,876.01
GGH|3|161,916.61
GGH|4|98,857.40
GGH|5|88,380.87
GGH|6|42,080.20
GGH|7|92,411.14
GGH|8|48,413.27
GGH|10|34,457.05
GGH|11|42,692.07
GGH|12|32,737.20
GGH|13|21,259.89
GGH|14|109,162.90
GGH|16|59,213.19
GGH|17|38,467.77
GGH|20|92,706.44
GGH|21|71,029.19
GGH|22|42,589.95
GGH|23|48,421.79
GGH|24|34,800.83
GGH|25|38,017.58
GGH|26|26,540.28
GGH|27|21,016.50
GGH|28|48,194.58
GGH|29|27,912.08
GGH|30|19,956.18
GGH|31|37,847.38
GGH|32|19,275.38
GGH|33|15,095.31
GGH|34|32,564.45
GGH|35|20,212.33
GGH|36|15,521.66
GGH|37|28,220.99
GGH|38|14,876.62
GGH|39|10,248.08
GGH|40|34,153.24
GGH|41|20,802.06
GGH|42|16,349.68
GGH|52|14,482.60
GGH|53|8,842.25
GGH|54|12,024.96
GGH|55|9,011.59
GGH|56|19,277.93
GGH|57|10,924.62
GGH|58|17,255.13
GGH|59|9,900.88
GGH|60|8,124.02
GGH|61|24,393.24
GGH|62|17,735.95
GGH|63|14,924.27
GGH|64|16,575.20
GGH|65|9,366.44
GGH|66|6,722.42
GGH|67|13,083.58
GGH|68|8,308.68
GGH|69|7,261.11
GGH|70|14,857.04
GGH|71|9,085.62
GGH|72|6,905.39
GGH|73|12,667.45
GGH|74|9,029.46
GGH|75|14,306.46
GGH|76|8,301.02
GGH|77|13,747.37
GGH|78|8,807.36
GGH|79|6,927.51
GGH|80|16,928.35
GGH|81|8,101.89
GGH|82|19,783.42
GGH|83|11,774.76
GGH|84|8,256.77
GGH|85|19,732.36
GGH|86|11,154.39
GGH|87|7,762.34
GGH|88|12,441.93
GGH|89|9,014.16
GGH|90|7,839.78
GGH|91|13,939.68
GGH|92|8,842.25
GGH|93|7,098.58
GGH|94|31,127.12
GGH|95|21,105.01
GGH|96|19,871.08
GGH|97|31,051.39
GGH|98|17,257.69
GGH|99|11,533.91
GGH|100|16,110.55
GGH|101|8,134.22
GGH|102|10,769.73
GGH|103|7,424.50
GGH|113|18,764.80
GGH|114|10,754.41
GGH|115|13,266.54
GGH|116|16,713.04
GGH|117|9,953.63
GGH|121|11,409.69
GGH|122|7,195.58
GGH|123|7,265.37
GGH|124|12,444.47
GGH|125|7,338.55
GGH|129|20,102.54
GGH|130|12,922.75
GGH|131|23,506.51
GGH|132|14,147.31
GGH|133|18,890.73
GGH|134|10,910.15
GGH|135|20,062.54
GGH|136|10,747.61
GGH|137|11,967.09
GGH|138|7,951.26
GGH|139|11,124.60
GGH|146|17,033.01
GGH|147|11,180.75
GGH|148|7,091.76
GGH|149|6,837.31
GGH|150|11,611.36
GGH|151|6,570.11
GGH|152|9,462.62
GGH|153|6,632.22
GGH|154|12,849.55
GGH|155|8,289.10
GGH|156|6,190.56
GGH|157|13,920.96
GGH|158|7,995.51
GGH|159|6,347.14
GGH|163|42,095.53
GGH|164|22,164.50
GGH|165|16,357.33
GGH|166|32,368.71
GGH|167|16,912.18
GGH|168|11,910.90
GGH|175|12,912.54
GGH|176|7,840.63
GGH|177|16,714.76
GGH|178|11,201.19
GGH|179|7,991.26
GGH|180|15,299.56
GGH|181|10,424.23
GGH|182|7,792.97
GGH|183|13,463.98
GGH|184|9,285.62
GGH|185|6,867.10
GGH|186|13,750.76
GGH|187|9,368.15
GGH|188|6,840.72
GGH|189|10,966.32
GGH|190|10,356.16
GGH|191|8,218.47
GGH|192|6,656.05
GGH|193|11,968.79
GGH|194|8,182.72
GGH|195|6,425.42
GGH|196|14,878.32
GGH|197|9,313.70
GGH|198|7,045.80
GGH|199|15,888.44
GGH|200|9,829.40
GGH|201|6,730.92
GGH|202|8,688.22
GGH|203|6,524.99
GGH|204|7,535.12
GGH|205|14,527.71
GGH|206|8,045.72
GGH|207|49,430.22
GGH|208|21,760.28
GGH|215|110,280.25
GGH|216|86,080.64
GGH|217|57,225.27
GGH|218|46,586.22
GGH|219|67,339.29
GGH|220|45,773.50
GGH|221|39,734.02
GGH|222|71,632.53
GGH|223|51,704.89
GGH|224|63,561.74
GGH|225|48,691.55
GGH|226|57,532.49
GGH|227|45,120.82
GGH|228|54,116.61
GGH|229|35,553.12
GGH|231|70,499.88
GGH|232|51,565.35
GGH|233|66,733.40
GGH|234|44,925.91
GGH|235|50,698.19
GGH|236|34,908.07
GGH|239|40,359.51
GGH|240|24,108.16
GGH|241|13,524.40
GGH|242|32,201.91
GGH|243|22,145.79
GGH|244|18,282.28
GGH|245|44,938.69
GGH|246|27,621.05
GGH|247|17,935.93
GGH|248|26,971.74
GGH|249|16,930.89
GGH|250|22,321.93
GGH|251|14,942.99
GGH|252|28,536.70
GGH|253|22,802.75
GGH|254|16,109.71
GGH|255|23,168.66
GGH|256|15,228.07
GGH|257|10,274.46
GGH|258|26,650.06
GGH|259|18,343.55
GGH|260|32,104.06
GGH|261|17,202.38
GGH|262|14,897.03
GGH|263|20,696.54
GGH|264|28,175.88
GGH|265|27,182.79
GGH|266|61,223.22
GGH|267|48,919.60
GGH|268|58,340.08
GGH|269|36,927.47
GGH|270|44,108.12
GGH|271|30,813.96
GGH|272|22,757.63
GGH|273|32,195.10
GGH|274|27,510.41
GGH|280|14,499.63
GGH|281|8,864.37
GGH|282|6,900.29
GGH|283|15,936.10
GGH|284|6,793.06
GGH|285|5,027.26
GGH|286|19,320.49
GGH|287|10,425.94
GGH|288|23,235.03
GGH|289|14,779.60
GGH|290|9,135.85
GGH|291|12,073.45
GGH|292|8,326.55
GGH|293|6,197.36
GGH|294|11,444.56
GGH|295|5,531.04
GGH|296|13,984.77
GGH|297|6,773.49
GGH|298|4,903.02
GGH|299|12,957.63
GGH|300|9,365.60
GGH|301|6,797.32
GGH|302|10,001.28
GGH|303|6,370.98
GGH|304|9,909.39
GGH|305|6,845.82
GGH|306|12,658.07
GGH|307|8,128.26
GGH|308|10,728.05
GGH|309|7,056.88
GGH|310|5,380.42
GGH|311|6,450.12
GGH|312|7,570.01
GGH|313|6,707.95
GGH|314|17,891.67
GGH|315|8,878.84
GGH|316|6,936.88
GGH|319|35,517.38
GGH|320|20,599.53
GGH|326|45,472.26
GGH|327|22,515.95
GGH|328|14,023.93
GGH|329|42,380.62
GGH|330|22,123.65
GGH|331|14,995.75
GGH|332|30,336.54
GGH|333|19,880.43
GGH|334|13,728.63
GGH|335|35,044.23
GGH|336|19,905.96
GGH|337|14,574.52
GGH|338|25,385.48
GGH|339|15,224.66
GGH|340|11,151.84
GGH|341|22,390.01
GGH|342|14,324.32
GGH|343|10,420.83
GGH|344|26,108.82
GGH|345|14,520.05
GGH|346|11,536.49
GGH|347|23,056.33
GGH|348|12,613.84
GGH|349|8,968.18
GGH|350|21,379.04
GGH|351|13,030.81
GGH|352|9,784.29
GGH|353|25,868.86
GGH|354|15,275.72
GGH|355|12,299.81
GGH|356|35,317.38
GGH|357|19,771.51
GGH|358|12,293.86
GGH|368|16,820.27
GGH|369|9,667.71
GGH|370|6,980.28
GGH|371|15,304.66
GGH|372|9,322.20
GGH|373|6,933.47
GGH|374|17,619.36
GGH|375|10,894.83
GGH|376|9,141.80
GGH|377|15,682.50
GGH|378|9,029.46
GGH|379|6,115.67
GGH|380|16,684.11
GGH|381|9,783.44
GGH|382|7,355.57
GGH|383|11,907.51
GGH|384|8,026.14
GGH|385|14,324.32
GGH|386|9,004.77
GGH|387|6,583.72
GGH|388|13,599.28
GGH|389|7,766.59
GGH|390|5,553.17
GGH|391|11,130.55
GGH|392|7,101.12
GGH|393|14,445.16
GGH|394|8,603.98
GGH|395|6,189.71
GGH|405|46,805.75
GGH|406|24,371.11
GGH|407|18,375.03
GGH|408|30,946.71
GGH|409|20,991.83
GGH|410|14,747.28
GGH|411|33,217.15
GGH|412|20,848.88
GGH|413|14,383.90
GGH|414|29,694.05
GGH|415|18,080.59
GGH|416|12,111.76
GGH|417|21,135.63
GGH|418|14,823.00
GGH|419|11,741.57
GGH|420|29,850.63
GGH|421|16,289.25
GGH|422|12,572.97
GGH|423|36,687.49
GGH|424|19,780.02
GGH|425|13,058.05
GGH|432|16,137.78
GGH|433|9,403.05
GGH|434|6,066.32
GGH|435|15,062.98
GGH|436|10,200.43
GGH|437|8,091.65
GGH|438|14,562.61
GGH|439|7,830.43
GGH|440|5,859.53
GGH|441|16,368.39
GGH|442|8,563.98
GGH|443|6,410.12
GGH|444|14,458.78
GGH|445|9,764.72
GGH|446|7,536.83
GGH|453|80,673.46
GGH|454|52,743.95
GGH|455|41,581.52
GGH|456|77,900.92
GGH|457|56,048.36
GGH|458|40,565.44
GGH|459|58,930.67
GGH|460|34,323.45
GGH|461|46,393.88
GGH|462|27,311.28
GGH|463|45,108.89
GGH|464|25,748.01
GGH|465|16,919.00
GGH|466|44,013.67
GGH|467|30,508.45
GGH|468|24,551.53
GGH|469|27,341.07
GGH|470|17,371.71
GGH|471|43,122.67
GGH|472|26,503.69
GGH|473|22,001.11
GGH|474|33,595.84
GGH|475|18,500.12
GGH|476|10,532.30
GGH|477|28,323.11
GGH|478|20,339.12
GGH|479|15,787.17
GGH|480|26,307.97
GGH|481|18,387.81
GGH|482|14,622.18
GGH|483|20,977.35
GGH|485|28,524.80
GGH|486|18,922.22
GGH|487|14,297.95
GGH|488|17,378.53
GGH|489|11,334.80
GGH|492|29,939.98
GGH|493|20,210.62
GGH|494|16,035.65
GGH|495|29,831.92
GGH|496|17,985.29
GGH|497|13,124.42
GGH|498|21,453.93
GGH|499|10,414.89
GGH|500|26,279.88
GGH|501|14,900.44
GGH|502|11,859.86
GGH|503|23,738.82
GGH|504|15,398.27
GGH|505|14,930.23
GGH|506|12,012.18
GGH|507|18,491.62
GGH|508|13,882.67
GGH|509|12,464.05
GGH|510|24,346.43
GGH|511|16,655.19
GGH|512|13,503.10
GGH|513|14,041.78
GGH|514|9,699.18
GGH|515|27,461.06
GGH|516|17,122.36
GGH|517|12,664.89
GGH|518|29,627.68
GGH|519|16,863.68
GGH|520|12,007.09
GGH|533|13,040.18
GGH|534|7,239.83
GGH|535|11,063.33
GGH|536|7,075.59
GGH|537|8,372.50
GGH|538|6,756.47
GGH|539|16,663.70
GGH|540|11,683.70
GGH|541|8,336.75
GGH|542|16,149.70
GGH|543|9,609.85
GGH|544|7,074.75
GGH|545|22,133.86
GGH|546|10,861.66
GGH|547|7,514.69
GGH|548|17,498.51
GGH|549|10,773.99
GGH|550|7,973.39
GGH|551|14,146.46
GGH|552|8,381.01
GGH|553|11,560.32
GGH|554|7,319.82
GGH|555|11,813.90
GGH|556|7,358.97
GGH|557|13,029.97
GGH|558|7,951.26
GGH|559|15,953.95
GGH|560|9,500.91
GGH|561|6,981.13
GGH|562|12,084.51
GGH|563|7,888.28
GGH|564|13,487.81
GGH|565|8,964.78
GGH|566|7,068.79
GGH|570|25,071.46
GGH|571|14,851.94
GGH|572|10,166.40
GGH|573|45,853.50
GGH|574|27,187.04
GGH|575|15,572.71
GGH|576|41,887.04
GGH|577|21,177.33
GGH|578|14,469.85
GGH|579|26,032.25
GGH|580|14,310.71
GGH|581|11,299.05
GGH|582|14,055.42
GGH|583|13,057.20
GGH|584|16,180.33
GGH|585|15,064.69
GGH|592|15,805.05
GGH|593|10,388.49
GGH|594|7,511.30
GGH|595|17,918.06
GGH|596|8,910.33
GGH|597|15,027.24
GGH|598|9,884.72
GGH|599|6,538.61
GGH|600|8,783.51
GGH|601|5,886.77
GGH|602|12,788.27
GGH|603|7,798.94
GGH|604|13,083.58
GGH|605|8,072.96
GGH|606|13,347.39
GGH|607|7,650.86
GGH|614|21,327.96
GGH|615|13,250.38
GGH|616|34,667.22
GGH|617|18,077.19
GGH|618|11,296.51
GGH|619|26,818.56
GGH|620|15,892.69
GGH|621|13,998.39
GGH|622|32,749.95
GGH|623|17,237.26
GGH|624|9,998.73
GGH|625|25,513.14
GGH|626|14,941.30
GGH|627|10,336.59
GGH|628|32,016.39
GGH|629|20,387.62
GGH|630|12,949.96
GGH|637|12,413.00
GGH|638|8,144.43
GGH|639|5,839.10
GGH|640|10,953.56
GGH|641|7,059.42
GGH|642|10,967.16
GGH|643|14,453.67
GGH|644|9,369.86
GGH|645|7,132.60
GGH|652|29,425.99
GGH|653|47,735.89
GGH|654|24,552.36
GGH|655|18,171.65
GGH|656|28,368.21
GGH|657|17,080.67
GGH|658|13,980.52
GGH|659|23,425.66
GGH|660|12,710.86
GGH|661|9,897.47
GGH|662|27,552.10
GGH|663|13,584.82
GGH|664|10,037.89
GGH|665|25,882.45
GGH|666|15,675.69
GGH|667|8,609.07
GGH|668|24,348.98
GGH|669|13,774.59
GGH|670|8,949.48
GGH|671|16,173.53
GGH|672|9,413.25
GGH|673|31,040.32
GGH|674|21,420.73
GGH|675|14,508.99
GGH|682|13,198.47
GGH|683|8,256.77
GGH|684|5,856.98
GGH|686|15,565.07
GGH|687|9,578.35
GGH|688|7,184.52
GGH|689|10,140.01
GGH|690|7,350.47
GGH|693|12,137.29
GGH|694|6,921.56
GGH|695|10,596.98
GGH|696|6,402.46
GGH|697|8,908.62
GGH|698|14,394.94
GGH|699|9,409.00
GGH|700|6,932.62
GGH|707|16,533.51
GGH|708|12,977.20
GGH|709|21,092.25
GGH|710|13,690.34
GGH|711|18,859.24
GGH|712|9,302.63
GGH|713|13,062.30
GGH|714|8,410.78
GGH|715|18,802.23
GGH|716|13,092.09
GGH|717|15,634.84
GGH|718|10,997.79
GGH|722|15,980.36
GGH|723|10,044.69
GGH|724|5,645.08
GGH|725|11,304.15
GGH|726|7,128.36
GGH|727|12,767.00
GGH|728|7,450.03
GGH|729|9,759.63
GGH|730|5,995.68
GGH|734|19,273.68
GGH|735|12,315.13
GGH|736|37,391.26
GGH|737|17,530.86
GGH|738|12,355.13
GGH|739|32,486.15
GGH|740|15,810.16
GGH|741|11,934.73
GGH|742|14,998.31
GGH|743|10,394.46
GGH|744|15,432.30
GGH|745|9,686.45
GGH|746|14,500.48
GGH|747|8,553.75
GGH|748|11,868.36
GGH|749|22,680.19
GGH|750|11,949.20
GGH|754|15,614.41
GGH|755|9,333.27
GGH|756|8,082.32
GGH|757|12,707.45
GGH|758|8,836.29
GGH|759|6,239.92
GGH|760|8,301.02
GGH|761|5,432.32
GGH|768|9,194.56
GGH|769|12,900.62
GGH|770|7,312.16
GGH|776|6,662.01
GGH|779|10,337.43
GGH|783|18,872.88
GGH|784|9,515.36
GGH|785|7,925.73
GGH|786|15,211.05
GGH|787|9,517.94
GGH|788|8,332.51
GGH|789|15,002.56
GGH|790|48,046.50
GGH|791|33,011.22
GGH|792|20,163.80
GGH|793|33,891.97
GGH|794|12,396.83
GGH|795|2,214.74
GGH|796|17,404.90
GGH|797|7,963.17
GGH|798|7,963.17
GGH|799|42,696.33
GGH|800|24,805.96
GGH|801|16,561.58
GGH|802|27,447.43
GGH|803|15,782.07
GGH|804|12,216.42
GGH|805|9,477.09
GGH|806|6,656.05
GGH|807|5,954.84
GGH|808|18,743.51
GGH|809|10,968.02
GGH|810|8,580.99
GGH|811|12,026.66
GGH|812|8,030.41
GGH|813|14,110.73
GGH|814|15,505.49
GGH|815|9,239.66
GGH|816|6,713.08
GGH|817|22,033.43
GGH|818|11,461.59
GGH|819|7,410.86
GGH|820|49,269.37
GGH|821|19,617.48
GGH|822|11,380.74
GGH|823|36,619.43
GGH|824|20,407.19
GGH|825|12,147.48
GGH|826|43,297.98
GGH|827|20,331.46
GGH|828|14,672.37
GGH|829|27,341.07
GGH|830|12,354.28
GGH|831|9,798.75
GGH|832|6,709.67
GGH|833|5,148.94
GGH|834|50,339.91
GGH|835|17,880.61
GGH|836|11,833.47
GGH|837|51,601.93
GGH|838|19,239.65
GGH|839|11,481.16
GGH|840|27,811.65
GGH|841|14,336.23
GGH|842|10,378.29
GGH|843|16,856.01
GGH|844|10,900.80
GGH|845|7,989.55
GGH|846|22,972.94
GGH|847|11,819.00
GGH|848|8,972.46
GGH|849|18,711.19
GGH|853|44,009.40
GGH|854|19,012.43
GGH|855|14,264.75
GGH|856|38,283.10
GGH|857|17,924.02
GGH|858|12,333.86
GGH|862|16,369.25
GGH|863|9,028.62
GGH|864|7,832.12
GGH|865|12,477.66
GGH|866|7,587.89
GGH|867|19,216.67
GGH|868|9,956.19
GGH|869|6,939.42
GGH|870|54,439.98
GGH|871|16,502.85
GGH|872|9,465.16
GGH|876|31,596.86
GGH|880|7,912.96
GGH|881|7,592.99
GGH|882|7,341.94
GGH|883|11,995.16
GGH|884|12,858.07
GGH|885|10,963.76
GGH|886|12,071.76
GGH|887|9,880.45
GGH|894|5,559.98
GGH|895|14,465.58
GGH|896|15,255.31
GGH|897|7,614.26
GGH|901|37,444.86
GGH|902|17,358.95
GGH|903|10,356.16
GGH|904|30,723.74
GGH|905|14,784.71
GGH|906|15,435.72
GGH|907|34,571.93
GGH|908|18,177.62
GGH|909|11,842.83
GGH|913|13,183.99
GGH|914|7,953.82
GGH|915|15,080.01
GGH|916|6,009.30
GGH|917|13,072.52
GGH|918|7,292.58
GGH|919|16,153.94
GGH|920|9,194.56
GGH|921|6,497.77
GGH|922|14,267.30
GGH|923|7,986.15
GGH|927|170,338.01
GGH|928|53,338.80
GGH|929|25,652.70
GGH|933|27,343.61
GGH|934|16,022.06
GGH|935|17,064.51
GGH|939|31,719.41
GGH|940|19,953.62
GGH|941|17,050.89
GGH|945|13,005.28
GGH|946|9,871.09
GGH|947|10,809.73
GGH|948|7,255.15
GGH|949|9,887.27
GGH|950|6,925.82
GGH|951|5,611.88
GGH|955|52,365.27
GGH|956|34,007.72
GGH|957|64,731.85
GGH|958|36,284.97
GGH|959|24,452.81
GGH|963|23,811.17
GGH|964|13,330.36
GGH|965|8,425.26
GGH|969|50,001.22
GGH|970|25,444.20
GGH|974|23,375.45
GGH|975|12,041.11
GGH|976|8,400.58
GGH|977|11,687.96
GGH|981|38,836.23
GGH|982|21,368.82
GGH|983|14,552.38
GGH|987|28,990.28
GGH|988|15,243.40
GGH|989|10,427.63
GGH|998|#VALUE!
GGH|999|#VALUE!
LMC|1|180,912.78
LMC|2|91,890.38
LMC|3|124,179.81
LMC|4|75,746.96
LMC|5|67,700.44
LMC|6|32,139.04
LMC|7|70,795.91
LMC|8|37,003.18
LMC|10|26,284.06
LMC|11|32,608.99
LMC|12|24,963.14
LMC|13|16,147.94
LMC|14|83,662.14
LMC|16|45,298.10
LMC|17|29,364.51
LMC|20|71,022.71
LMC|21|54,373.42
LMC|22|32,530.58
LMC|23|37,009.73
LMC|24|26,548.11
LMC|25|29,018.75
LMC|26|20,203.56
LMC|27|15,961.01
LMC|28|36,835.21
LMC|29|21,257.17
LMC|30|15,146.62
LMC|31|28,888.02
LMC|32|14,623.73
LMC|33|11,413.22
LMC|34|24,830.43
LMC|35|15,343.34
LMC|36|11,740.67
LMC|37|21,494.42
LMC|38|11,245.24
LMC|39|7,690.29
LMC|40|26,050.73
LMC|41|15,796.30
LMC|42|12,376.63
LMC|52|10,942.63
LMC|53|6,610.54
LMC|54|9,055.00
LMC|55|6,740.59
LMC|56|14,625.71
LMC|57|8,209.91
LMC|58|13,072.06
LMC|59|7,423.61
LMC|60|6,058.88
LMC|61|18,554.51
LMC|62|13,441.35
LMC|63|11,281.85
LMC|64|12,549.85
LMC|65|7,013.14
LMC|66|4,982.40
LMC|67|9,868.09
LMC|68|6,200.71
LMC|69|5,396.12
LMC|70|11,230.22
LMC|71|6,797.45
LMC|72|5,122.92
LMC|73|9,548.49
LMC|74|6,754.31
LMC|75|10,807.33
LMC|76|6,194.83
LMC|77|10,377.92
LMC|78|6,583.72
LMC|79|5,139.92
LMC|80|12,821.08
LMC|81|6,041.89
LMC|82|15,013.93
LMC|83|8,862.86
LMC|84|6,160.83
LMC|85|14,974.72
LMC|86|8,386.37
LMC|87|5,781.11
LMC|88|9,375.27
LMC|89|6,742.55
LMC|90|5,840.58
LMC|91|10,525.62
LMC|92|6,610.54
LMC|93|5,271.29
LMC|94|23,726.49
LMC|95|16,028.99
LMC|96|15,081.27
LMC|97|23,668.33
LMC|98|13,074.04
LMC|99|8,677.88
LMC|100|12,192.96
LMC|101|6,066.74
LMC|102|8,090.94
LMC|103|5,521.62
LMC|113|14,231.56
LMC|114|8,079.17
LMC|115|10,008.62
LMC|116|12,655.72
LMC|117|7,464.14
LMC|121|8,582.46
LMC|122|5,345.80
LMC|123|5,399.39
LMC|124|9,377.23
LMC|125|5,455.61
LMC|129|15,259.04
LMC|130|9,744.56
LMC|131|17,873.46
LMC|132|10,685.11
LMC|133|14,328.31
LMC|134|8,198.79
LMC|135|15,228.31
LMC|136|8,073.95
LMC|137|9,010.57
LMC|138|5,926.20
LMC|139|8,363.50
LMC|146|12,901.48
LMC|147|8,406.62
LMC|148|5,266.07
LMC|149|5,070.64
LMC|150|8,737.37
LMC|151|4,865.40
LMC|152|7,087.00
LMC|153|4,913.11
LMC|154|9,688.36
LMC|155|6,185.69
LMC|156|4,573.89
LMC|157|10,511.26
LMC|158|5,960.18
LMC|159|4,694.16
LMC|163|32,150.83
LMC|164|16,842.73
LMC|165|12,382.51
LMC|166|24,680.10
LMC|167|12,808.67
LMC|168|8,967.43
LMC|175|9,736.72
LMC|176|5,841.23
LMC|177|12,657.02
LMC|178|8,422.33
LMC|179|5,956.93
LMC|180|11,570.08
LMC|181|7,825.58
LMC|182|5,804.63
LMC|183|10,160.26
LMC|184|6,951.04
LMC|185|5,093.51
LMC|186|10,380.53
LMC|187|7,014.46
LMC|188|5,073.24
LMC|189|8,241.92
LMC|190|7,773.30
LMC|191|6,131.43
LMC|192|4,931.42
LMC|193|9,011.87
LMC|194|6,103.98
LMC|195|4,754.28
LMC|196|11,246.56
LMC|197|6,972.62
LMC|198|5,230.76
LMC|199|12,022.39
LMC|200|7,368.70
LMC|201|4,988.93
LMC|202|6,492.23
LMC|203|4,830.77
LMC|204|5,606.59
LMC|205|10,977.27
LMC|206|5,998.75
LMC|207|37,784.25
LMC|208|16,532.26
LMC|215|84,520.33
LMC|216|65,933.74
LMC|217|43,771.27
LMC|218|35,599.89
LMC|219|51,539.37
LMC|220|34,975.69
LMC|221|30,337.06
LMC|222|54,836.83
LMC|223|39,531.33
LMC|224|48,638.03
LMC|225|37,216.91
LMC|226|44,007.24
LMC|227|34,474.40
LMC|228|41,383.66
LMC|229|27,125.89
LMC|231|53,966.87
LMC|232|39,424.14
LMC|233|51,074.02
LMC|234|34,324.72
LMC|235|38,758.12
LMC|236|26,630.47
LMC|239|30,817.47
LMC|240|18,335.55
LMC|241|10,206.68
LMC|242|24,552.00
LMC|243|16,828.33
LMC|244|13,860.98
LMC|245|34,334.51
LMC|246|21,033.64
LMC|247|13,594.95
LMC|248|20,534.95
LMC|249|12,823.04
LMC|250|16,963.64
LMC|251|11,296.23
LMC|252|21,736.92
LMC|253|17,332.92
LMC|254|12,192.33
LMC|255|17,613.97
LMC|256|11,515.19
LMC|257|7,710.54
LMC|258|20,287.88
LMC|259|13,908.04
LMC|260|24,476.84
LMC|261|13,031.54
LMC|262|11,260.93
LMC|263|15,715.26
LMC|264|21,459.78
LMC|265|20,697.04
LMC|266|46,841.93
LMC|267|37,392.08
LMC|268|44,627.51
LMC|269|28,181.48
LMC|270|33,696.61
LMC|271|23,485.97
LMC|272|17,298.28
LMC|273|24,546.76
LMC|274|20,948.67
LMC|280|10,955.69
LMC|281|6,627.53
LMC|282|5,118.98
LMC|283|12,059.00
LMC|284|5,036.64
LMC|285|3,680.40
LMC|286|14,658.37
LMC|287|7,826.89
LMC|288|17,664.95
LMC|289|11,170.74
LMC|290|6,836.02
LMC|291|9,092.26
LMC|292|6,214.45
LMC|293|4,579.12
LMC|294|8,609.24
LMC|295|4,067.34
LMC|296|10,560.26
LMC|297|5,021.60
LMC|298|3,585.00
LMC|299|9,771.37
LMC|300|7,012.49
LMC|301|5,039.90
LMC|302|7,500.73
LMC|303|4,712.46
LMC|304|7,430.15
LMC|305|5,077.17
LMC|306|9,541.29
LMC|307|6,062.15
LMC|308|8,058.91
LMC|309|5,239.26
LMC|310|3,951.67
LMC|311|4,773.25
LMC|312|5,633.37
LMC|313|4,971.27
LMC|314|13,560.98
LMC|315|6,638.63
LMC|316|5,147.12
LMC|319|27,098.45
LMC|320|15,640.74
LMC|326|34,744.33
LMC|327|17,112.66
LMC|328|10,590.33
LMC|329|32,369.80
LMC|330|16,811.35
LMC|331|11,336.75
LMC|332|23,119.30
LMC|333|15,088.46
LMC|334|10,363.53
LMC|335|26,735.05
LMC|336|15,108.05
LMC|337|11,013.21
LMC|338|19,316.63
LMC|339|11,512.56
LMC|340|8,384.40
LMC|341|17,015.94
LMC|342|10,821.06
LMC|343|7,822.97
LMC|344|19,872.18
LMC|345|10,971.38
LMC|346|8,679.84
LMC|347|17,527.70
LMC|348|9,507.31
LMC|349|6,707.26
LMC|350|16,239.44
LMC|351|9,827.56
LMC|352|7,334.06
LMC|353|19,687.87
LMC|354|11,551.78
LMC|355|9,266.13
LMC|356|26,944.84
LMC|357|15,004.78
LMC|358|9,261.55
LMC|368|12,738.08
LMC|369|7,244.53
LMC|370|5,180.44
LMC|371|11,574.00
LMC|372|6,979.16
LMC|373|5,144.49
LMC|374|13,351.81
LMC|375|8,187.02
LMC|376|6,840.60
LMC|377|11,864.21
LMC|378|6,754.31
LMC|379|4,516.38
LMC|380|12,633.50
LMC|381|7,333.41
LMC|382|5,468.68
LMC|383|8,964.81
LMC|384|5,983.72
LMC|385|10,821.06
LMC|386|6,735.36
LMC|387|4,875.85
LMC|388|10,264.19
LMC|389|5,784.37
LMC|390|4,084.34
LMC|391|8,368.08
LMC|392|5,273.24
LMC|393|10,913.87
LMC|394|6,427.51
LMC|395|4,573.23
LMC|405|35,768.54
LMC|406|18,537.52
LMC|407|13,932.22
LMC|408|23,587.93
LMC|409|15,942.05
LMC|410|11,145.88
LMC|411|25,331.76
LMC|412|15,832.25
LMC|413|10,866.80
LMC|414|22,625.82
LMC|415|13,706.06
LMC|416|9,121.68
LMC|417|16,052.52
LMC|418|11,204.06
LMC|419|8,837.36
LMC|420|22,746.09
LMC|421|12,330.23
LMC|422|9,475.93
LMC|423|27,997.16
LMC|424|15,011.30
LMC|425|9,848.49
LMC|432|12,213.88
LMC|433|7,041.27
LMC|434|4,478.46
LMC|435|11,388.39
LMC|436|7,653.67
LMC|437|6,034.05
LMC|438|11,004.07
LMC|439|5,833.39
LMC|440|4,319.63
LMC|441|12,391.03
LMC|442|6,396.81
LMC|443|4,742.51
LMC|444|10,924.33
LMC|445|7,319.03
LMC|446|5,607.89
LMC|453|61,780.73
LMC|454|40,329.39
LMC|455|31,756.04
LMC|456|59,651.28
LMC|457|42,867.34
LMC|458|30,975.64
LMC|459|45,081.11
LMC|460|26,181.44
LMC|461|35,452.20
LMC|462|20,795.72
LMC|463|34,465.25
LMC|464|19,595.06
LMC|465|12,813.91
LMC|466|33,624.05
LMC|467|23,251.33
LMC|468|18,676.08
LMC|469|20,818.61
LMC|470|13,161.61
LMC|471|32,939.72
LMC|472|20,175.46
LMC|473|16,717.24
LMC|474|25,622.61
LMC|475|14,028.29
LMC|476|7,908.59
LMC|477|21,572.87
LMC|478|15,440.74
LMC|479|11,944.61
LMC|480|20,025.12
LMC|481|13,942.01
LMC|482|11,049.82
LMC|483|15,930.94
LMC|485|21,727.77
LMC|486|14,352.47
LMC|487|10,800.80
LMC|488|13,166.85
LMC|489|8,524.93
LMC|492|22,814.72
LMC|493|15,342.04
LMC|494|12,135.46
LMC|495|22,731.70
LMC|496|13,632.87
LMC|497|9,899.47
LMC|498|16,296.97
LMC|499|7,818.39
LMC|500|20,003.56
LMC|501|11,263.54
LMC|502|8,928.21
LMC|503|18,051.89
LMC|504|11,645.90
LMC|505|11,286.43
LMC|506|9,045.21
LMC|507|14,021.77
LMC|508|10,481.83
LMC|509|9,392.28
LMC|510|18,518.57
LMC|511|12,611.28
LMC|512|10,190.32
LMC|513|10,604.06
LMC|514|7,268.70
LMC|515|20,910.76
LMC|516|12,970.12
LMC|517|9,546.52
LMC|518|22,574.85
LMC|519|12,771.42
LMC|520|9,041.28
LMC|533|9,834.76
LMC|534|5,379.79
LMC|535|8,316.43
LMC|536|5,253.64
LMC|537|6,249.74
LMC|538|5,008.54
LMC|539|12,617.83
LMC|540|8,792.92
LMC|541|6,222.28
LMC|542|12,223.04
LMC|543|7,200.07
LMC|544|5,252.98
LMC|545|16,819.20
LMC|546|8,161.51
LMC|547|5,590.90
LMC|548|13,259.01
LMC|549|8,094.21
LMC|550|5,943.19
LMC|551|10,684.46
LMC|552|6,256.29
LMC|553|8,698.14
LMC|554|5,441.21
LMC|555|8,892.91
LMC|556|5,471.28
LMC|557|9,826.92
LMC|558|5,926.20
LMC|559|12,072.70
LMC|560|7,116.42
LMC|561|5,181.09
LMC|562|9,100.77
LMC|563|5,877.84
LMC|564|10,178.55
LMC|565|6,704.64
LMC|566|5,248.41
LMC|570|19,075.43
LMC|571|11,226.30
LMC|572|7,627.55
LMC|573|35,037.15
LMC|574|20,700.31
LMC|575|11,779.89
LMC|576|31,990.68
LMC|577|16,084.53
LMC|578|10,932.82
LMC|579|19,813.35
LMC|580|10,810.61
LMC|581|8,497.49
LMC|582|10,614.51
LMC|583|9,847.83
LMC|584|12,246.58
LMC|585|11,389.69
LMC|592|11,958.33
LMC|593|7,798.13
LMC|594|5,588.29
LMC|595|13,581.23
LMC|596|6,662.81
LMC|597|11,360.93
LMC|598|7,411.20
LMC|599|4,841.21
LMC|600|6,565.43
LMC|601|4,340.57
LMC|602|9,641.28
LMC|603|5,809.21
LMC|604|9,868.09
LMC|605|6,019.67
LMC|606|10,070.71
LMC|607|5,695.48
LMC|614|16,200.23
LMC|615|9,996.20
LMC|616|26,445.50
LMC|617|13,703.46
LMC|618|8,495.53
LMC|619|20,417.29
LMC|620|12,025.64
LMC|621|10,570.72
LMC|622|24,972.93
LMC|623|13,058.35
LMC|624|7,498.78
LMC|625|19,414.67
LMC|626|11,294.91
LMC|627|7,758.26
LMC|628|24,409.51
LMC|629|15,478.00
LMC|630|9,765.48
LMC|637|9,353.06
LMC|638|6,074.57
LMC|639|4,303.95
LMC|640|8,232.12
LMC|641|5,241.22
LMC|642|8,242.57
LMC|643|10,920.41
LMC|644|7,015.78
LMC|645|5,297.43
LMC|652|22,419.93
LMC|653|36,482.92
LMC|654|18,676.75
LMC|655|13,775.99
LMC|656|21,607.50
LMC|657|12,938.08
LMC|658|10,556.99
LMC|659|17,811.37
LMC|660|9,581.82
LMC|661|7,421.00
LMC|662|20,980.70
LMC|663|10,253.06
LMC|664|7,528.85
LMC|665|19,698.33
LMC|666|11,858.98
LMC|667|6,431.44
LMC|668|18,520.53
LMC|669|10,398.82
LMC|670|6,692.88
LMC|671|12,241.34
LMC|672|7,049.10
LMC|673|23,659.84
LMC|674|16,271.48
LMC|675|10,962.88
LMC|682|9,956.33
LMC|683|6,160.83
LMC|684|4,317.68
LMC|686|11,774.01
LMC|687|7,175.89
LMC|688|5,337.31
LMC|689|7,607.27
LMC|690|5,464.76
LMC|693|9,141.29
LMC|694|5,135.34
LMC|695|7,958.26
LMC|696|4,736.63
LMC|697|6,661.51
LMC|698|10,875.31
LMC|699|7,045.83
LMC|700|5,143.83
LMC|707|12,517.80
LMC|708|9,786.40
LMC|709|16,019.18
LMC|710|10,334.12
LMC|711|14,304.12
LMC|712|6,964.13
LMC|713|9,851.76
LMC|714|6,279.15
LMC|715|14,260.33
LMC|716|9,874.64
LMC|717|11,827.61
LMC|718|8,266.12
LMC|722|12,092.98
LMC|723|7,534.08
LMC|724|4,154.93
LMC|725|8,501.42
LMC|726|5,294.16
LMC|727|9,624.96
LMC|728|5,541.24
LMC|729|7,315.11
LMC|730|4,424.22
LMC|734|14,622.42
LMC|735|9,277.89
LMC|736|28,537.68
LMC|737|13,283.84
LMC|738|9,308.62
LMC|739|24,770.30
LMC|740|11,962.26
LMC|741|8,985.73
LMC|742|11,338.71
LMC|743|7,802.70
LMC|744|11,672.04
LMC|745|7,258.90
LMC|746|10,956.35
LMC|747|6,388.94
LMC|748|8,934.75
LMC|749|17,238.81
LMC|750|8,996.83
LMC|754|11,811.92
LMC|755|6,987.66
LMC|756|6,026.86
LMC|757|9,579.20
LMC|758|6,605.95
LMC|759|4,611.80
LMC|760|6,194.83
LMC|761|3,991.53
LMC|768|6,881.12
LMC|769|9,727.56
LMC|770|5,435.34
LMC|776|4,935.98
LMC|779|7,758.91
LMC|783|14,314.58
LMC|784|7,127.53
LMC|785|5,906.59
LMC|786|11,502.11
LMC|787|7,129.49
LMC|788|6,219.01
LMC|789|11,341.99
LMC|790|36,721.49
LMC|791|25,173.59
LMC|792|15,306.11
LMC|793|25,850.06
LMC|794|9,340.63
LMC|795|1,520.26
LMC|796|13,187.11
LMC|797|5,935.35
LMC|798|5,935.35
LMC|799|32,612.28
LMC|800|18,871.51
LMC|801|12,539.39
LMC|802|20,900.30
LMC|803|11,940.68
LMC|804|9,202.07
LMC|805|7,098.11
LMC|806|4,931.42
LMC|807|4,392.84
LMC|808|14,215.22
LMC|809|8,243.23
LMC|810|6,409.87
LMC|811|9,056.33
LMC|812|5,987.00
LMC|813|10,657.01
LMC|814|11,728.26
LMC|815|6,915.75
LMC|816|4,975.21
LMC|817|16,742.08
LMC|818|8,622.33
LMC|819|5,511.17
LMC|820|37,660.73
LMC|821|14,886.48
LMC|822|8,560.24
LMC|823|27,944.87
LMC|824|15,493.02
LMC|825|9,149.13
LMC|826|33,074.38
LMC|827|15,434.85
LMC|828|11,088.38
LMC|829|20,818.61
LMC|830|9,307.96
LMC|831|7,345.18
LMC|832|4,972.59
LMC|833|3,773.87
LMC|834|38,482.95
LMC|835|13,552.46
LMC|836|8,907.95
LMC|837|39,452.25
LMC|838|14,596.28
LMC|839|8,637.36
LMC|840|21,180.04
LMC|841|10,830.21
LMC|842|7,790.28
LMC|843|12,765.53
LMC|844|8,191.59
LMC|845|5,955.61
LMC|846|17,463.65
LMC|847|8,896.84
LMC|848|6,710.52
LMC|849|14,190.40
LMC|853|33,620.77
LMC|854|14,421.76
LMC|855|10,775.29
LMC|856|29,222.66
LMC|857|13,585.81
LMC|858|9,292.27
LMC|862|12,391.65
LMC|863|6,753.67
LMC|864|5,834.69
LMC|865|9,402.73
LMC|866|5,647.12
LMC|867|14,578.63
LMC|868|7,466.09
LMC|869|5,149.07
LMC|870|41,632.02
LMC|871|12,494.29
LMC|872|7,088.97
LMC|876|24,087.30
LMC|880|5,896.78
LMC|881|5,651.03
LMC|882|5,458.22
LMC|883|9,032.13
LMC|884|9,694.89
LMC|885|8,239.97
LMC|886|9,090.97
LMC|887|7,407.92
LMC|894|4,089.56
LMC|895|10,929.55
LMC|896|11,536.10
LMC|897|5,667.39
LMC|901|28,578.87
LMC|902|13,151.79
LMC|903|7,773.30
LMC|904|23,416.68
LMC|905|11,174.65
LMC|906|11,674.66
LMC|907|26,372.30
LMC|908|13,780.57
LMC|909|8,915.13
LMC|913|9,945.23
LMC|914|5,928.16
LMC|915|11,401.45
LMC|916|4,434.66
LMC|917|9,859.60
LMC|918|5,420.32
LMC|919|12,226.29
LMC|920|6,881.12
LMC|921|4,809.84
LMC|922|10,777.26
LMC|923|5,953.00
LMC|927|130,647.90
LMC|928|40,786.27
LMC|929|19,521.86
LMC|933|20,820.57
LMC|934|12,124.99
LMC|935|12,925.67
LMC|939|24,181.40
LMC|940|15,144.64
LMC|941|12,915.21
LMC|945|9,807.95
LMC|946|7,400.74
LMC|947|8,121.66
LMC|948|5,391.55
LMC|949|7,413.15
LMC|950|5,138.61
LMC|951|4,129.45
LMC|955|40,038.54
LMC|956|25,938.95
LMC|957|49,536.72
LMC|958|27,688.01
LMC|959|18,600.27
LMC|963|18,107.46
LMC|964|10,057.65
LMC|965|6,290.26
LMC|969|38,222.82
LMC|970|19,361.73
LMC|974|17,772.80
LMC|975|9,067.42
LMC|976|6,271.32
LMC|977|8,796.18
LMC|981|29,647.50
LMC|982|16,231.61
LMC|983|10,996.20
LMC|987|22,085.29
LMC|988|11,526.95
LMC|989|7,828.20
LMC|998|#VALUE!
LMC|999|#VALUE!
SRGA|1|178356.5175
SRGA|2|91814.1425
SRGA|3|123204.0525
SRGA|4|76120.4725
SRGA|5|68298.0975
SRGA|6|33727.4075
SRGA|7|71307.345
SRGA|8|38456.0325
SRGA|10|28035.535
SRGA|11|34184.2575
SRGA|12|26751.375
SRGA|13|18181.8025
SRGA|14|83815.1325
SRGA|16|46519.8625
SRGA|17|31030.15
SRGA|20|71527.81
SRGA|21|55342.3575
SRGA|22|34108.0125
SRGA|23|38462.395
SRGA|24|28292.22
SRGA|25|30694.035
SRGA|26|22124.42
SRGA|27|18000.0525
SRGA|28|38292.7475
SRGA|29|23148.6775
SRGA|30|17208.355
SRGA|31|30566.95
SRGA|32|16700.0475
SRGA|33|13578.975
SRGA|34|26622.4025
SRGA|35|17399.6125
SRGA|36|13897.315
SRGA|37|23379.34
SRGA|38|13415.67
SRGA|39|9959.74
SRGA|40|27808.6875
SRGA|41|17839.945
SRGA|42|14515.5425
SRGA|52|13121.4975
SRGA|53|8910.0775
SRGA|54|11286.4475
SRGA|55|9036.5125
SRGA|56|16701.955
SRGA|57|10464.8825
SRGA|58|15191.6
SRGA|59|9700.4975
SRGA|60|8373.7975
SRGA|61|20521.325
SRGA|62|15550.605
SRGA|63|13451.25
SRGA|64|14683.92
SRGA|65|9301.4775
SRGA|66|7327.2925
SRGA|67|12076.8975
SRGA|68|8511.6675
SRGA|69|7729.5075
SRGA|70|13401.06
SRGA|71|9091.8075
SRGA|72|7463.905
SRGA|73|11766.1875
SRGA|74|9049.855
SRGA|75|12989.9475
SRGA|76|8505.965
SRGA|77|12572.4825
SRGA|78|8884.015
SRGA|79|7480.42
SRGA|80|14947.625
SRGA|81|8357.28
SRGA|82|17079.375
SRGA|83|11099.6575
SRGA|84|8472.9125
SRGA|85|17041.2475
SRGA|86|10636.435
SRGA|87|8103.7625
SRGA|88|11597.7975
SRGA|89|9038.42
SRGA|90|8161.58
SRGA|91|12716.095
SRGA|92|8910.0775
SRGA|93|7608.145
SRGA|94|25549.215
SRGA|95|18066.1525
SRGA|96|17144.8125
SRGA|97|25492.6625
SRGA|98|15193.5175
SRGA|99|10919.835
SRGA|100|14337
SRGA|101|8381.4375
SRGA|102|10349.2425
SRGA|103|7851.51
SRGA|113|16318.8025
SRGA|114|10337.8075
SRGA|115|12213.49
SRGA|116|14786.8575
SRGA|117|9739.8925
SRGA|121|10827.0725
SRGA|122|7680.575
SRGA|123|7732.6825
SRGA|124|11599.715
SRGA|125|7787.3275
SRGA|129|17317.655
SRGA|130|11956.805
SRGA|131|19859.2375
SRGA|132|12871.1425
SRGA|133|16412.845
SRGA|134|10454.0875
SRGA|135|17287.7975
SRGA|136|10332.715
SRGA|137|11243.2475
SRGA|138|8244.8075
SRGA|139|10614.195
SRGA|146|15025.7775
SRGA|147|10656.1475
SRGA|148|7603.0625
SRGA|149|7413.075
SRGA|150|10977.645
SRGA|151|7213.55
SRGA|152|9373.27
SRGA|153|7259.935
SRGA|154|11902.1475
SRGA|155|8497.0675
SRGA|156|6930.17
SRGA|157|12702.125
SRGA|158|8277.86
SRGA|159|7047.1
SRGA|163|33738.8525
SRGA|164|18857.22
SRGA|165|14521.255
SRGA|166|26476.255
SRGA|167|14935.5425
SRGA|168|11201.3175
SRGA|175|11949.175
SRGA|176|8162.21
SRGA|177|14788.1375
SRGA|178|10671.3975
SRGA|179|8274.665
SRGA|180|13731.465
SRGA|181|10091.2875
SRGA|182|8126.63
SRGA|183|12360.915
SRGA|184|9241.1125
SRGA|185|7435.3025
SRGA|186|12575.05
SRGA|187|9302.7475
SRGA|188|7415.62
SRGA|189|10496.02
SRGA|190|10040.4475
SRGA|191|8444.3325
SRGA|192|7277.73
SRGA|193|11244.5175
SRGA|194|8417.6475
SRGA|195|7105.5375
SRGA|196|13416.9375
SRGA|197|9262.0825
SRGA|198|7568.75
SRGA|199|14171.1575
SRGA|200|9647.1325
SRGA|201|7333.6525
SRGA|202|8795.0775
SRGA|203|7179.885
SRGA|204|7934.095
SRGA|205|13155.15
SRGA|206|8315.34
SRGA|207|39215.345
SRGA|208|18555.3975
SRGA|215|84649.4325
SRGA|216|66580.6175
SRGA|217|45035.5825
SRGA|218|37091.835
SRGA|219|52587.27
SRGA|220|36485.0425
SRGA|221|31975.625
SRGA|222|55792.8575
SRGA|223|40913.76
SRGA|224|49766.7525
SRGA|225|38663.815
SRGA|226|45264.955
SRGA|227|35997.675
SRGA|228|42714.475
SRGA|229|28853.905
SRGA|231|54947.1425
SRGA|232|40809.545
SRGA|233|52134.875
SRGA|234|35852.1775
SRGA|235|40162.0875
SRGA|236|28372.28
SRGA|239|32442.6325
SRGA|240|20308.4575
SRGA|241|12406.045
SRGA|242|26351.7275
SRGA|243|18843.23
SRGA|244|15958.53
SRGA|245|35861.7225
SRGA|246|22931.3775
SRGA|247|15699.9175
SRGA|248|22446.5775
SRGA|249|14949.5125
SRGA|250|18974.7575
SRGA|251|13465.2425
SRGA|252|23615.065
SRGA|253|19333.7525
SRGA|254|14336.36
SRGA|255|19606.995
SRGA|256|13678.0875
SRGA|257|9979.4525
SRGA|258|22206.4075
SRGA|259|16004.2875
SRGA|260|26278.6675
SRGA|261|15152.2125
SRGA|262|13430.93
SRGA|263|17761.1525
SRGA|264|23345.665
SRGA|265|22604.15
SRGA|266|48020.6725
SRGA|267|38834.11
SRGA|268|45867.9525
SRGA|269|29880.0875
SRGA|270|35241.57
SRGA|271|25315.3975
SRGA|272|19300.08
SRGA|273|26346.645
SRGA|274|22848.7825
SRGA|280|13134.1975
SRGA|281|8926.585
SRGA|282|7460.09
SRGA|283|14206.7475
SRGA|284|7380.04
SRGA|285|6061.58
SRGA|286|16733.72
SRGA|287|10092.535
SRGA|288|19656.5475
SRGA|289|13343.24
SRGA|290|9129.275
SRGA|291|11322.6575
SRGA|292|8525.01
SRGA|293|6935.265
SRGA|294|10853.1175
SRGA|295|6437.74
SRGA|296|12749.76
SRGA|297|7365.42
SRGA|298|5968.8075
SRGA|299|11982.8575
SRGA|300|9300.84
SRGA|301|7383.215
SRGA|302|9775.495
SRGA|303|7064.875
SRGA|304|9706.8575
SRGA|305|7419.425
SRGA|306|11759.1875
SRGA|307|8376.975
SRGA|308|10318.115
SRGA|309|7577.0175
SRGA|310|6325.275
SRGA|311|7123.9725
SRGA|312|7960.16
SRGA|313|7316.4975
SRGA|314|15666.8725
SRGA|315|8937.4
SRGA|316|7487.4125
SRGA|319|28827.24
SRGA|320|17688.7225
SRGA|326|36260.1125
SRGA|327|19119.6375
SRGA|328|12779.01
SRGA|329|33951.7075
SRGA|330|18826.7225
SRGA|331|13504.6375
SRGA|332|24958.93
SRGA|333|17151.805
SRGA|334|12558.5225
SRGA|335|28473.9475
SRGA|336|17170.8775
SRGA|337|13190.1025
SRGA|338|21262.19
SRGA|339|13675.55
SRGA|340|10634.5375
SRGA|341|19025.5975
SRGA|342|13003.31
SRGA|343|10088.7325
SRGA|344|21802.295
SRGA|345|13149.4375
SRGA|346|10921.7325
SRGA|347|19523.1
SRGA|348|11726.1525
SRGA|349|9004.1175
SRGA|350|18270.73
SRGA|351|12037.5025
SRGA|352|9613.4675
SRGA|353|21623.0925
SRGA|354|13713.6775
SRGA|355|11491.675
SRGA|356|28677.9175
SRGA|357|17070.465
SRGA|358|11487.2325
SRGA|368|14866.9075
SRGA|369|9526.4075
SRGA|370|7519.8275
SRGA|371|13735.28
SRGA|372|9268.435
SRGA|373|7484.875
SRGA|374|15463.555
SRGA|375|10442.6525
SRGA|376|9133.73
SRGA|377|14017.39
SRGA|378|9049.855
SRGA|379|6874.2575
SRGA|380|14765.2575
SRGA|381|9612.83
SRGA|382|7800.03
SRGA|383|11198.78
SRGA|384|8300.73
SRGA|385|13003.31
SRGA|386|9031.43
SRGA|387|7223.725
SRGA|388|12461.945
SRGA|389|8106.9375
SRGA|390|6454.2675
SRGA|391|10618.65
SRGA|392|7610.0625
SRGA|393|13093.515
SRGA|394|8732.1625
SRGA|395|6929.5425
SRGA|405|37255.77
SRGA|406|20504.7975
SRGA|407|16027.785
SRGA|408|25414.52
SRGA|409|17981.6375
SRGA|410|13319.0825
SRGA|411|27109.75
SRGA|412|17874.885
SRGA|413|13047.7775
SRGA|414|24479.2125
SRGA|415|15807.95
SRGA|416|11351.27
SRGA|417|18089.03
SRGA|418|13375.625
SRGA|419|11074.88
SRGA|420|24596.12
SRGA|421|14470.445
SRGA|422|11695.665
SRGA|423|29700.915
SRGA|424|17076.8375
SRGA|425|12057.825
SRGA|432|14357.32
SRGA|433|9328.8
SRGA|434|6837.4075
SRGA|435|13554.8275
SRGA|436|9924.17
SRGA|437|8349.6525
SRGA|438|13181.2025
SRGA|439|8154.59
SRGA|440|6683.0125
SRGA|441|14529.5125
SRGA|442|8702.305
SRGA|443|7094.105
SRGA|444|13103.69
SRGA|445|9598.8375
SRGA|446|7935.3725
SRGA|453|62543.31
SRGA|454|41689.58
SRGA|455|33355.0725
SRGA|456|60473.1875
SRGA|457|44156.825
SRGA|458|32596.4
SRGA|459|46308.915
SRGA|460|27935.77
SRGA|461|36948.2425
SRGA|462|22700.0975
SRGA|463|35988.7875
SRGA|464|21532.8675
SRGA|465|14940.635
SRGA|466|35171.0375
SRGA|467|25087.2825
SRGA|468|20639.5
SRGA|469|22722.3375
SRGA|470|15278.66
SRGA|471|34505.785
SRGA|472|22097.11
SRGA|473|18735.2175
SRGA|474|27392.5125
SRGA|475|16121.185
SRGA|476|10171.9675
SRGA|477|23455.585
SRGA|478|17494.2825
SRGA|479|14095.5425
SRGA|480|21950.97
SRGA|481|16037.3225
SRGA|482|13225.6825
SRGA|483|17970.8325
SRGA|485|23606.165
SRGA|486|16436.3525
SRGA|487|12983.6075
SRGA|488|15283.7425
SRGA|489|10771.15
SRGA|492|24662.8475
SRGA|493|17398.335
SRGA|494|14281.075
SRGA|495|24582.14
SRGA|496|15736.7775
SRGA|497|12107.385
SRGA|498|18326.6525
SRGA|499|10084.2875
SRGA|500|21930
SRGA|501|13433.455
SRGA|502|11163.19
SRGA|503|20032.6975
SRGA|504|13805.1725
SRGA|505|13455.705
SRGA|506|11276.9225
SRGA|507|16114.835
SRGA|508|12673.525
SRGA|509|11614.3375
SRGA|510|20486.3725
SRGA|511|14743.6575
SRGA|512|12390.155
SRGA|513|12792.35
SRGA|514|9549.925
SRGA|515|22811.9125
SRGA|516|15092.485
SRGA|517|11764.28
SRGA|518|24429.65
SRGA|519|14899.3325
SRGA|520|11273.1075
SRGA|533|12044.4725
SRGA|534|7713.62
SRGA|535|10568.46
SRGA|536|7590.9775
SRGA|537|8559.3325
SRGA|538|7352.7175
SRGA|539|14750.01
SRGA|540|11031.67
SRGA|541|8532.65
SRGA|542|14366.2375
SRGA|543|9483.1975
SRGA|544|7590.35
SRGA|545|18834.3425
SRGA|546|10417.8575
SRGA|547|7918.8575
SRGA|548|15373.3275
SRGA|549|10352.4175
SRGA|550|8261.3225
SRGA|551|12870.5025
SRGA|552|8565.6825
SRGA|553|10939.5375
SRGA|554|7773.3475
SRGA|555|11128.8775
SRGA|556|7802.5675
SRGA|557|12036.8625
SRGA|558|8244.8075
SRGA|559|14220.09
SRGA|560|9401.88
SRGA|561|7520.455
SRGA|562|11330.9275
SRGA|563|8197.79
SRGA|564|12378.7125
SRGA|565|9001.5625
SRGA|566|7585.905
SRGA|570|21027.735
SRGA|571|13397.245
SRGA|572|9898.7425
SRGA|573|36544.77
SRGA|574|22607.325
SRGA|575|13935.4325
SRGA|576|33583.1875
SRGA|577|18120.1575
SRGA|578|13111.95
SRGA|579|21745.085
SRGA|580|12993.1325
SRGA|581|10744.4675
SRGA|582|12802.505
SRGA|583|12057.185
SRGA|584|14389.1075
SRGA|585|13556.085
SRGA|592|14108.8825
SRGA|593|10064.585
SRGA|594|7916.31
SRGA|595|15686.5875
SRGA|596|8960.9075
SRGA|597|13528.145
SRGA|598|9688.435
SRGA|599|7190.0525
SRGA|600|8866.23
SRGA|601|6703.345
SRGA|602|11856.4125
SRGA|603|8131.0825
SRGA|604|12076.8975
SRGA|605|8335.66
SRGA|606|12273.855
SRGA|607|8020.525
SRGA|614|18232.6125
SRGA|615|12201.435
SRGA|616|28192.4775
SRGA|617|15805.3925
SRGA|618|10742.56
SRGA|619|22332.215
SRGA|620|14174.3325
SRGA|621|12759.955
SRGA|622|26760.9225
SRGA|623|15178.2575
SRGA|624|9773.5875
SRGA|625|21357.51
SRGA|626|13463.975
SRGA|627|10025.8375
SRGA|628|26213.2075
SRGA|629|17530.5025
SRGA|630|11977.145
SRGA|637|11576.2
SRGA|638|8389.0475
SRGA|639|6667.7525
SRGA|640|10486.4925
SRGA|641|7578.925
SRGA|642|10496.6475
SRGA|643|13099.885
SRGA|644|9304.025
SRGA|645|7633.56
SRGA|652|24279.0675
SRGA|653|37950.27
SRGA|654|20640.15
SRGA|655|15875.935
SRGA|656|23489.2575
SRGA|657|15061.36
SRGA|658|12746.595
SRGA|659|19798.88
SRGA|660|11798.5825
SRGA|661|9697.96
SRGA|662|22879.9175
SRGA|663|12451.1425
SRGA|664|9802.7975
SRGA|665|21633.26
SRGA|666|14012.3175
SRGA|667|8735.9775
SRGA|668|20488.28
SRGA|669|12592.845
SRGA|670|8990.1275
SRGA|671|14384.0225
SRGA|672|9336.43
SRGA|673|25484.405
SRGA|674|18301.8675
SRGA|675|13141.18
SRGA|682|12162.68
SRGA|683|8472.9125
SRGA|684|6681.105
SRGA|686|13929.7
SRGA|687|9459.69
SRGA|688|7672.315
SRGA|689|9879.0625
SRGA|690|7796.215
SRGA|693|11370.3225
SRGA|694|7475.9875
SRGA|695|10220.26
SRGA|696|7088.3925
SRGA|697|8959.63
SRGA|698|13056.0375
SRGA|699|9333.265
SRGA|700|7484.245
SRGA|707|14652.7925
SRGA|708|11997.4775
SRGA|709|18056.615
SRGA|710|12529.9425
SRGA|711|16389.325
SRGA|712|9253.8225
SRGA|713|12061.01
SRGA|714|8587.9125
SRGA|715|16346.755
SRGA|716|12083.25
SRGA|717|13981.82
SRGA|718|10519.5175
SRGA|722|14239.7725
SRGA|723|9807.89
SRGA|724|6522.8825
SRGA|725|10748.2725
SRGA|726|7630.385
SRGA|727|11840.525
SRGA|728|7870.5625
SRGA|729|9595.0425
SRGA|730|6784.6625
SRGA|734|16698.77
SRGA|735|11503.11
SRGA|736|30226.38
SRGA|737|15397.485
SRGA|738|11532.9875
SRGA|739|26563.945
SRGA|740|14112.7075
SRGA|741|11219.1125
SRGA|742|13506.525
SRGA|743|10069.04
SRGA|744|13830.5775
SRGA|745|9540.3875
SRGA|746|13134.8275
SRGA|747|8694.675
SRGA|748|11169.55
SRGA|749|19242.26
SRGA|750|11229.8975
SRGA|754|13966.55
SRGA|755|9276.7025
SRGA|756|8342.6725
SRGA|757|11796.045
SRGA|758|8905.615
SRGA|759|6967.03
SRGA|760|8505.965
SRGA|761|6364.0325
SRGA|768|9173.135
SRGA|769|11940.265
SRGA|770|7767.625
SRGA|776|7282.185
SRGA|779|10026.4575
SRGA|783|16399.4925
SRGA|784|9412.675
SRGA|785|8225.7525
SRGA|786|13665.385
SRGA|787|9414.5825
SRGA|788|8529.4625
SRGA|789|13509.7
SRGA|790|38182.18
SRGA|791|26955.9825
SRGA|792|17363.3925
SRGA|793|27613.615
SRGA|794|11564.115
SRGA|795|3961.5975
SRGA|796|15303.445
SRGA|797|8253.715
SRGA|798|8253.715
SRGA|799|34187.4425
SRGA|800|20829.4775
SRGA|801|14673.765
SRGA|802|22801.7575
SRGA|803|14091.7375
SRGA|804|11429.4225
SRGA|805|9384.075
SRGA|806|7277.73
SRGA|807|6754.1625
SRGA|808|16302.925
SRGA|809|10497.2975
SRGA|810|8715.0075
SRGA|811|11287.7275
SRGA|812|8303.905
SRGA|813|12843.81
SRGA|814|13885.2225
SRGA|815|9206.81
SRGA|816|7320.3125
SRGA|817|18759.375
SRGA|818|10865.83
SRGA|819|7841.3225
SRGA|820|39095.24
SRGA|821|16955.475
SRGA|822|10805.4625
SRGA|823|29650.065
SRGA|824|17545.1225
SRGA|825|11377.9525
SRGA|826|34636.6725
SRGA|827|17488.58
SRGA|828|13263.19
SRGA|829|22722.3375
SRGA|830|11532.36
SRGA|831|9624.2525
SRGA|832|7317.765
SRGA|833|6152.445
SRGA|834|39894.5775
SRGA|835|15658.605
SRGA|836|11143.495
SRGA|837|40836.8675
SRGA|838|16673.345
SRGA|839|10880.4275
SRGA|840|23073.71
SRGA|841|13012.1975
SRGA|842|10056.965
SRGA|843|14893.6
SRGA|844|10447.0975
SRGA|845|8273.3875
SRGA|846|19460.8375
SRGA|847|11132.69
SRGA|848|9007.285
SRGA|849|16278.7675
SRGA|853|35167.86
SRGA|854|16503.7075
SRGA|855|12958.83
SRGA|856|30892.26
SRGA|857|15691.03
SRGA|858|11517.12
SRGA|862|14530.1525
SRGA|863|9049.2275
SRGA|864|8155.86
SRGA|865|11624.4925
SRGA|866|7973.49
SRGA|867|16656.2075
SRGA|868|9741.81
SRGA|869|7489.33
SRGA|870|42955.9225
SRGA|871|14629.915
SRGA|872|9375.175
SRGA|876|25899.96
SRGA|880|8216.215
SRGA|881|7977.315
SRGA|882|7789.855
SRGA|883|11264.22
SRGA|884|11908.5
SRGA|885|10494.1125
SRGA|886|11321.41
SRGA|887|9685.2475
SRGA|894|6459.35
SRGA|895|13108.7625
SRGA|896|13698.43
SRGA|897|7993.195
SRGA|901|30266.405
SRGA|902|15269.1225
SRGA|903|10040.4475
SRGA|904|25248.04
SRGA|905|13347.045
SRGA|906|13833.135
SRGA|907|28121.305
SRGA|908|15880.38
SRGA|909|11150.475
SRGA|913|12151.865
SRGA|914|8246.715
SRGA|915|13567.54
SRGA|916|6794.8275
SRGA|917|12068.63
SRGA|918|7753.005
SRGA|919|14369.415
SRGA|920|9173.135
SRGA|921|7159.555
SRGA|922|12960.7275
SRGA|923|8270.87
SRGA|927|129491.935
SRGA|928|42133.7175
SRGA|929|21461.705
SRGA|933|22724.2225
SRGA|934|14270.9
SRGA|935|15049.275
SRGA|939|25991.445
SRGA|940|17206.46
SRGA|941|15039.11
SRGA|945|12018.4275
SRGA|946|9678.2675
SRGA|947|10379.09
SRGA|948|7725.065
SRGA|949|9690.3425
SRGA|950|7479.1625
SRGA|951|6498.1075
SRGA|955|41406.83
SRGA|956|27700.0275
SRGA|957|50640.4175
SRGA|958|29400.36
SRGA|959|20565.8025
SRGA|963|20086.7025
SRGA|964|12261.1425
SRGA|965|8598.7375
SRGA|969|39641.695
SRGA|970|21306.04
SRGA|974|19761.3825
SRGA|975|11298.5325
SRGA|976|8580.3025
SRGA|977|11034.835
SRGA|981|31305.28
SRGA|982|18263.12
SRGA|983|13173.585
SRGA|987|23953.7375
SRGA|988|13689.5325
SRGA|989|10093.815
SRGA|998|#VALUE!
SRGA|999|#VALUE!
SMRMC|1|217779.13
SMRMC|2|110737.39
SMRMC|3|149562.63
SMRMC|4|91326.3325
SMRMC|5|81651.0775
SMRMC|6|38891.5975
SMRMC|7|85373.115
SMRMC|8|44740.305
SMRMC|10|31851.45
SMRMC|11|39456.665
SMRMC|12|30263.155
SMRMC|13|19663.6775
SMRMC|14|100843.6475
SMRMC|16|54714.21
SMRMC|17|35555.44
SMRMC|20|85645.82
SMRMC|21|65626.49
SMRMC|22|39362.36
SMRMC|23|44748.16
SMRMC|24|32168.97
SMRMC|25|35139.695
SMRMC|26|24540.1975
SMRMC|27|19438.895
SMRMC|28|44538.32
SMRMC|29|25807.075
SMRMC|30|18459.6625
SMRMC|31|34982.515
SMRMC|32|17830.93
SMRMC|33|13970.57
SMRMC|34|30103.605
SMRMC|35|18696.2175
SMRMC|36|14364.3275
SMRMC|37|26092.3625
SMRMC|38|13768.6075
SMRMC|39|9494.0525
SMRMC|40|31570.9
SMRMC|41|19240.8475
SMRMC|42|15128.99
SMRMC|52|13404.7225
SMRMC|53|8195.7525
SMRMC|54|11135.0375
SMRMC|55|8352.1425
SMRMC|56|17833.3
SMRMC|57|10118.8575
SMRMC|58|15965.205
SMRMC|59|9173.405
SMRMC|60|7532.45
SMRMC|61|22557.3675
SMRMC|62|16409.2325
SMRMC|63|13812.61
SMRMC|64|15337.2725
SMRMC|65|8679.8675
SMRMC|66|6238.0675
SMRMC|67|12112.69
SMRMC|68|7702.9925
SMRMC|69|6735.545
SMRMC|70|13750.5275
SMRMC|71|8420.515
SMRMC|72|6407.0325
SMRMC|73|11728.39
SMRMC|74|8368.645
SMRMC|75|13242.035
SMRMC|76|7695.9175
SMRMC|77|12725.69
SMRMC|78|8163.53
SMRMC|79|6427.47
SMRMC|80|15663.4175
SMRMC|81|7512.0225
SMRMC|82|18300.1225
SMRMC|83|10903.99
SMRMC|84|7655.05
SMRMC|85|18252.97
SMRMC|86|10331.055
SMRMC|87|7198.43
SMRMC|88|11520.1175
SMRMC|89|8354.5025
SMRMC|90|7269.95
SMRMC|91|12903.32
SMRMC|92|8195.7525
SMRMC|93|6585.42
SMRMC|94|28776.2325
SMRMC|95|19520.6375
SMRMC|96|18381.0775
SMRMC|97|28706.2725
SMRMC|98|15967.5625
SMRMC|99|10681.565
SMRMC|100|14908.1575
SMRMC|101|7541.885
SMRMC|102|9975.8275
SMRMC|103|6886.43
SMRMC|113|17359.4
SMRMC|114|9961.675
SMRMC|115|12281.6525
SMRMC|116|15464.58
SMRMC|117|9222.1575
SMRMC|121|10566.8325
SMRMC|122|6675.03
SMRMC|123|6739.4725
SMRMC|124|11522.4775
SMRMC|125|6807.065
SMRMC|129|18594.845
SMRMC|130|11964.165
SMRMC|131|21738.445
SMRMC|132|13095.07
SMRMC|133|17475.7225
SMRMC|134|10105.495
SMRMC|135|18557.9075
SMRMC|136|9955.39
SMRMC|137|11081.5975
SMRMC|138|7372.9025
SMRMC|139|10303.53
SMRMC|146|15760.0825
SMRMC|147|10355.4225
SMRMC|148|6579.145
SMRMC|149|6344.1575
SMRMC|150|10753.085
SMRMC|151|6097.3975
SMRMC|152|8768.685
SMRMC|153|6154.755
SMRMC|154|11896.5725
SMRMC|155|7684.9025
SMRMC|156|5746.8775
SMRMC|157|12886.03
SMRMC|158|7413.7775
SMRMC|159|5891.485
SMRMC|163|38905.75
SMRMC|164|20499.08
SMRMC|165|15136.0675
SMRMC|166|29922.87
SMRMC|167|15648.475
SMRMC|168|11029.7175
SMRMC|175|11954.73
SMRMC|176|7270.74
SMRMC|177|15466.1475
SMRMC|178|10374.28
SMRMC|179|7409.85
SMRMC|180|14159.1925
SMRMC|181|9656.75
SMRMC|182|7226.725
SMRMC|183|12464
SMRMC|184|8605.2
SMRMC|185|6371.6625
SMRMC|186|12728.85
SMRMC|187|8681.445
SMRMC|188|6347.305
SMRMC|189|10157.365
SMRMC|190|9593.875
SMRMC|191|7619.68
SMRMC|192|6176.7725
SMRMC|193|11083.1675
SMRMC|194|7586.66
SMRMC|195|5963.785
SMRMC|196|13770.165
SMRMC|197|8631.145
SMRMC|198|6536.7175
SMRMC|199|14703.045
SMRMC|200|9107.4025
SMRMC|201|6245.925
SMRMC|202|8053.5025
SMRMC|203|6055.7425
SMRMC|204|6988.6
SMRMC|205|13446.38
SMRMC|206|7460.1425
SMRMC|207|45679.4575
SMRMC|208|20125.7725
SMRMC|215|101875.53
SMRMC|216|79526.7875
SMRMC|217|52878.335
SMRMC|218|43052.955
SMRMC|219|62218.8025
SMRMC|220|42302.4225
SMRMC|221|36724.8625
SMRMC|222|66183.6925
SMRMC|223|47780.17
SMRMC|224|58730.18
SMRMC|225|44997.2975
SMRMC|226|53162.0425
SMRMC|227|41699.6475
SMRMC|228|50007.4325
SMRMC|229|32863.7125
SMRMC|231|65137.6475
SMRMC|232|47651.295
SMRMC|233|61659.25
SMRMC|234|41519.67
SMRMC|235|46850.44
SMRMC|236|32268.0025
SMRMC|239|37302.5125
SMRMC|240|22294.0875
SMRMC|241|12519.8075
SMRMC|242|29768.8275
SMRMC|243|20481.8
SMRMC|244|16913.785
SMRMC|245|41531.4525
SMRMC|246|25538.2975
SMRMC|247|16593.925
SMRMC|248|24938.65
SMRMC|249|15665.785
SMRMC|250|20644.4675
SMRMC|251|13829.9025
SMRMC|252|26383.9375
SMRMC|253|21088.505
SMRMC|254|14907.3775
SMRMC|255|21426.4525
SMRMC|256|14093.17
SMRMC|257|9518.4275
SMRMC|258|24641.59
SMRMC|259|16970.3625
SMRMC|260|29678.4375
SMRMC|261|15916.4825
SMRMC|262|13787.465
SMRMC|263|19143.3925
SMRMC|264|26050.705
SMRMC|265|25133.56
SMRMC|266|56570.51
SMRMC|267|45207.9175
SMRMC|268|53907.88
SMRMC|269|34132.95
SMRMC|270|40764.42
SMRMC|271|28487.0175
SMRMC|272|21046.8575
SMRMC|273|29762.53
SMRMC|274|25436.1375
SMRMC|280|13420.455
SMRMC|281|8216.18
SMRMC|282|6402.315
SMRMC|283|14747.0475
SMRMC|284|6303.29
SMRMC|285|4672.55
SMRMC|286|17872.5875
SMRMC|287|9658.32
SMRMC|288|21487.7375
SMRMC|289|13679.0075
SMRMC|290|8466.8875
SMRMC|291|11179.8325
SMRMC|292|7719.485
SMRMC|293|5753.165
SMRMC|294|10599.0425
SMRMC|295|5137.805
SMRMC|296|12944.975
SMRMC|297|6285.2225
SMRMC|298|4557.795
SMRMC|299|11996.375
SMRMC|300|8679.0875
SMRMC|301|6307.23
SMRMC|302|9266.1525
SMRMC|303|5913.4825
SMRMC|304|9181.28
SMRMC|305|6352.0225
SMRMC|306|11719.745
SMRMC|307|7536.3675
SMRMC|308|9937.33
SMRMC|309|6546.9225
SMRMC|310|4998.685
SMRMC|311|5986.5725
SMRMC|312|7020.8125
SMRMC|313|6224.715
SMRMC|314|16553.05
SMRMC|315|8229.5525
SMRMC|316|6436.105
SMRMC|319|32830.7125
SMRMC|320|19053.795
SMRMC|326|42024.2125
SMRMC|327|20823.665
SMRMC|328|12981.125
SMRMC|329|39169.03
SMRMC|330|20461.3625
SMRMC|331|13878.6325
SMRMC|332|28046.14
SMRMC|333|18389.7125
SMRMC|334|12708.42
SMRMC|335|32393.75
SMRMC|336|18413.29
SMRMC|337|13489.605
SMRMC|338|23473.725
SMRMC|339|14090.0325
SMRMC|340|10328.6875
SMRMC|341|20707.3525
SMRMC|342|13258.5475
SMRMC|343|9653.5925
SMRMC|344|24141.745
SMRMC|345|13439.305
SMRMC|346|10683.925
SMRMC|347|21322.71
SMRMC|348|11678.8775
SMRMC|349|8312.0775
SMRMC|350|19773.6725
SMRMC|351|12063.9675
SMRMC|352|9065.7475
SMRMC|353|23920.11
SMRMC|354|14137.1875
SMRMC|355|11388.8825
SMRMC|356|32646.0175
SMRMC|357|18289.13
SMRMC|358|11383.375
SMRMC|368|15563.6025
SMRMC|369|8958.0675
SMRMC|370|6476.1925
SMRMC|371|14163.91
SMRMC|372|8639
SMRMC|373|6432.9575
SMRMC|374|16301.5725
SMRMC|375|10091.3625
SMRMC|376|8472.385
SMRMC|377|14512.8525
SMRMC|378|8368.645
SMRMC|379|5677.7175
SMRMC|380|15437.855
SMRMC|381|9064.9675
SMRMC|382|6822.775
SMRMC|383|11026.59
SMRMC|384|7442.0725
SMRMC|385|13258.5475
SMRMC|386|8345.8575
SMRMC|387|6109.9625
SMRMC|388|12588.96
SMRMC|389|7202.37
SMRMC|390|5158.2225
SMRMC|391|10309.0575
SMRMC|392|6587.79
SMRMC|393|13370.1425
SMRMC|394|7975.6875
SMRMC|395|5746.0775
SMRMC|405|43255.72
SMRMC|406|22536.9275
SMRMC|407|16999.445
SMRMC|408|28609.6175
SMRMC|409|19416.0975
SMRMC|410|13649.145
SMRMC|411|30706.4025
SMRMC|412|19284.0825
SMRMC|413|13313.555
SMRMC|414|27452.7675
SMRMC|415|16727.53
SMRMC|416|11215.1925
SMRMC|417|19548.9125
SMRMC|418|13719.095
SMRMC|419|10873.3275
SMRMC|420|27597.375
SMRMC|421|15073.2025
SMRMC|422|11641.16
SMRMC|423|33911.335
SMRMC|424|18296.975
SMRMC|425|12089.1225
SMRMC|432|14933.3025
SMRMC|433|8713.6675
SMRMC|434|5632.1325
SMRMC|435|13940.7075
SMRMC|436|9450.0575
SMRMC|437|7502.5875
SMRMC|438|13478.6025
SMRMC|439|7261.315
SMRMC|440|5441.1525
SMRMC|441|15146.2825
SMRMC|442|7938.77
SMRMC|443|5949.6225
SMRMC|444|13382.705
SMRMC|445|9047.6775
SMRMC|446|6990.18
SMRMC|453|74533.1425
SMRMC|454|48739.765
SMRMC|455|38431.05
SMRMC|456|71972.6625
SMRMC|457|51791.425
SMRMC|458|37492.685
SMRMC|459|54453.2875
SMRMC|460|31728.09
SMRMC|461|42875.3475
SMRMC|462|25252.23
SMRMC|463|41688.6425
SMRMC|464|23808.525
SMRMC|465|15654.76
SMRMC|466|40677.17
SMRMC|467|28204.8675
SMRMC|468|22703.545
SMRMC|469|25279.745
SMRMC|470|16072.8625
SMRMC|471|39854.3175
SMRMC|472|24506.4175
SMRMC|473|20348.185
SMRMC|474|31056.1225
SMRMC|475|17114.98
SMRMC|476|9756.5625
SMRMC|477|26186.6675
SMRMC|478|18813.32
SMRMC|479|14609.5075
SMRMC|480|24325.65
SMRMC|481|17011.2375
SMRMC|482|13533.61
SMRMC|483|19402.745
SMRMC|485|26372.9325
SMRMC|486|17504.7975
SMRMC|487|13234.18
SMRMC|488|16079.16
SMRMC|489|10497.67
SMRMC|492|27679.8975
SMRMC|493|18694.65
SMRMC|494|14838.985
SMRMC|495|27580.085
SMRMC|496|16639.5
SMRMC|497|12150.4175
SMRMC|498|19842.855
SMRMC|499|9648.105
SMRMC|500|24299.715
SMRMC|501|13790.605
SMRMC|502|10982.565
SMRMC|503|21953.0125
SMRMC|504|14250.3625
SMRMC|505|13818.1075
SMRMC|506|11123.255
SMRMC|507|17107.1125
SMRMC|508|12850.67
SMRMC|509|11540.555
SMRMC|510|22514.1325
SMRMC|511|15411.13
SMRMC|512|12500.15
SMRMC|513|12997.615
SMRMC|514|8987.1625
SMRMC|515|25390.5525
SMRMC|516|15842.605
SMRMC|517|11726.03
SMRMC|518|27391.4625
SMRMC|519|15603.69
SMRMC|520|11118.5375
SMRMC|533|12072.6225
SMRMC|534|6715.895
SMRMC|535|10246.9625
SMRMC|536|6564.2125
SMRMC|537|7761.92
SMRMC|538|6269.49
SMRMC|539|15418.995
SMRMC|540|10819.8875
SMRMC|541|7728.9175
SMRMC|542|14944.305
SMRMC|543|8904.6375
SMRMC|544|6563.4225
SMRMC|545|20470.775
SMRMC|546|10060.72
SMRMC|547|6969.7425
SMRMC|548|16189.9775
SMRMC|549|9979.745
SMRMC|550|7393.34
SMRMC|551|13094.29
SMRMC|552|7769.795
SMRMC|553|10705.9225
SMRMC|554|6789.775
SMRMC|555|10940.1375
SMRMC|556|6825.9225
SMRMC|557|12063.1875
SMRMC|558|7372.9025
SMRMC|559|14763.55
SMRMC|560|8804.035
SMRMC|561|6476.9825
SMRMC|562|11190.045
SMRMC|563|7314.755
SMRMC|564|12485.9975
SMRMC|565|8308.9175
SMRMC|566|6557.935
SMRMC|570|23183.72
SMRMC|571|13745.81
SMRMC|572|9418.615
SMRMC|573|42376.3025
SMRMC|574|25137.4875
SMRMC|575|14411.47
SMRMC|576|38713.2
SMRMC|577|19587.43
SMRMC|578|13392.94
SMRMC|579|24071.025
SMRMC|580|13245.975
SMRMC|581|10464.66
SMRMC|582|13010.2075
SMRMC|583|12088.335
SMRMC|584|14972.61
SMRMC|585|13942.2875
SMRMC|592|14626.0275
SMRMC|593|9623.7275
SMRMC|594|6966.5925
SMRMC|595|16577.415
SMRMC|596|8258.6175
SMRMC|597|13907.7075
SMRMC|598|9158.485
SMRMC|599|6068.305
SMRMC|600|8141.5225
SMRMC|601|5466.2975
SMRMC|602|11840.005
SMRMC|603|7232.2425
SMRMC|604|12112.69
SMRMC|605|7485.2975
SMRMC|606|12356.33
SMRMC|607|7095.48
SMRMC|614|19726.53
SMRMC|615|12266.7325
SMRMC|616|32045.59
SMRMC|617|16724.3925
SMRMC|618|10462.29
SMRMC|619|24797.19
SMRMC|620|14706.9725
SMRMC|621|12957.5375
SMRMC|622|30274.9375
SMRMC|623|15948.695
SMRMC|624|9263.7825
SMRMC|625|23591.6175
SMRMC|626|13828.3325
SMRMC|627|9575.785
SMRMC|628|29597.495
SMRMC|629|18858.105
SMRMC|630|11989.31
SMRMC|637|11493.4025
SMRMC|638|7551.31
SMRMC|639|5422.2925
SMRMC|640|10145.57
SMRMC|641|6549.28
SMRMC|642|10158.155
SMRMC|643|13378
SMRMC|644|8683.005
SMRMC|645|6616.8725
SMRMC|652|27205.1975
SMRMC|653|44114.72
SMRMC|654|22704.3325
SMRMC|655|16811.6225
SMRMC|656|26228.325
SMRMC|657|15804.085
SMRMC|658|12941.0375
SMRMC|659|21663.7975
SMRMC|660|11768.4775
SMRMC|661|9170.2675
SMRMC|662|25474.635
SMRMC|663|12575.5975
SMRMC|664|9299.9425
SMRMC|665|23932.7025
SMRMC|666|14506.565
SMRMC|667|7980.405
SMRMC|668|22516.5
SMRMC|669|12750.8575
SMRMC|670|8294.7775
SMRMC|671|14966.3025
SMRMC|672|8723.0925
SMRMC|673|28696.0675
SMRMC|674|19812.1925
SMRMC|675|13429.09
SMRMC|682|12218.8
SMRMC|683|7655.05
SMRMC|684|5438.795
SMRMC|686|14404.395
SMRMC|687|8875.555
SMRMC|688|6664.815
SMRMC|689|9394.26
SMRMC|690|6818.0675
SMRMC|693|11238.7775
SMRMC|694|6421.9525
SMRMC|695|9816.2775
SMRMC|696|5942.5575
SMRMC|697|8257.0475
SMRMC|698|13323.78
SMRMC|699|8719.155
SMRMC|700|6432.1875
SMRMC|707|15298.755
SMRMC|708|12014.475
SMRMC|709|19508.845
SMRMC|710|12673.06
SMRMC|711|17446.63
SMRMC|712|8620.92
SMRMC|713|12093.04
SMRMC|714|7797.3
SMRMC|715|17393.97
SMRMC|716|12120.565
SMRMC|717|14468.8375
SMRMC|718|10186.4475
SMRMC|722|14787.915
SMRMC|723|9306.23
SMRMC|724|5243.105
SMRMC|725|10469.3675
SMRMC|726|6612.935
SMRMC|727|11820.3375
SMRMC|728|6910.015
SMRMC|729|9042.95
SMRMC|730|5566.89
SMRMC|734|17829.3525
SMRMC|735|11403.025
SMRMC|736|34561.275
SMRMC|737|16219.83
SMRMC|738|11439.9625
SMRMC|739|30031.3175
SMRMC|740|14630.735
SMRMC|741|11051.725
SMRMC|742|13881.0025
SMRMC|743|9629.245
SMRMC|744|14281.7925
SMRMC|745|8975.3675
SMRMC|746|13421.215
SMRMC|747|7929.325
SMRMC|748|10990.44
SMRMC|749|20975.3275
SMRMC|750|11065.0875
SMRMC|754|14449.9675
SMRMC|755|8649.225
SMRMC|756|7493.9525
SMRMC|757|11765.3275
SMRMC|758|8190.235
SMRMC|759|5792.4525
SMRMC|760|7695.9175
SMRMC|761|5046.6375
SMRMC|768|8521.1175
SMRMC|769|11943.7375
SMRMC|770|6782.7075
SMRMC|776|6182.26
SMRMC|779|9576.575
SMRMC|783|17459.2025
SMRMC|784|8817.3975
SMRMC|785|7349.335
SMRMC|786|14077.46
SMRMC|787|8819.7575
SMRMC|788|7724.99
SMRMC|789|13884.92
SMRMC|790|44401.5675
SMRMC|791|30516.22
SMRMC|792|18651.4225
SMRMC|793|31329.6175
SMRMC|794|11478.4725
SMRMC|795|2075.12
SMRMC|796|16103.525
SMRMC|797|7383.915
SMRMC|798|7383.915
SMRMC|799|39460.5925
SMRMC|800|22938.53
SMRMC|801|15324.68
SMRMC|802|25377.98
SMRMC|803|14604.8
SMRMC|804|11311.8675
SMRMC|805|8782.0375
SMRMC|806|6176.7725
SMRMC|807|5529.1925
SMRMC|808|17339.74
SMRMC|809|10158.955
SMRMC|810|7954.47
SMRMC|811|11136.6075
SMRMC|812|7445.99
SMRMC|813|13061.28
SMRMC|814|14349.385
SMRMC|815|8562.7725
SMRMC|816|6229.4225
SMRMC|817|20378.06
SMRMC|818|10614.765
SMRMC|819|6873.865
SMRMC|820|45530.9125
SMRMC|821|18146.86
SMRMC|822|10540.1075
SMRMC|823|33848.4425
SMRMC|824|18876.195
SMRMC|825|11248.2125
SMRMC|826|40016.2275
SMRMC|827|18806.245
SMRMC|828|13579.985
SMRMC|829|25279.745
SMRMC|830|11439.185
SMRMC|831|9079.1
SMRMC|832|6226.275
SMRMC|833|4784.9175
SMRMC|834|46519.58
SMRMC|835|16542.845
SMRMC|836|10958.1975
SMRMC|837|47685.085
SMRMC|838|17797.93
SMRMC|839|10632.8425
SMRMC|840|25714.3375
SMRMC|841|13269.54
SMRMC|842|9614.315
SMRMC|843|15596.615
SMRMC|844|10096.86
SMRMC|845|7408.2725
SMRMC|846|21245.695
SMRMC|847|10944.845
SMRMC|848|8315.995
SMRMC|849|17309.8775
SMRMC|853|40673.2425
SMRMC|854|17588.08
SMRMC|855|13203.5275
SMRMC|856|35384.885
SMRMC|857|16582.9125
SMRMC|858|11420.315
SMRMC|862|15147.07
SMRMC|863|8367.865
SMRMC|864|7262.885
SMRMC|865|11553.15
SMRMC|866|7037.3325
SMRMC|867|17776.7125
SMRMC|868|9224.5075
SMRMC|869|6438.475
SMRMC|870|50306.0825
SMRMC|871|15270.46
SMRMC|872|8771.035
SMRMC|876|29210.035
SMRMC|880|7337.5425
SMRMC|881|7042.04
SMRMC|882|6810.2025
SMRMC|883|11107.5225
SMRMC|884|11904.43
SMRMC|885|10155.005
SMRMC|886|11178.2525
SMRMC|887|9154.555
SMRMC|894|5164.52
SMRMC|895|13389.0025
SMRMC|896|14118.3175
SMRMC|897|7061.69
SMRMC|901|34610.7775
SMRMC|902|16061.07
SMRMC|903|9593.875
SMRMC|904|28403.715
SMRMC|905|13683.715
SMRMC|906|14284.9425
SMRMC|907|31957.57
SMRMC|908|16817.11
SMRMC|909|10966.8425
SMRMC|913|12205.4375
SMRMC|914|7375.27
SMRMC|915|13956.43
SMRMC|916|5579.475
SMRMC|917|12102.475
SMRMC|918|6764.6175
SMRMC|919|14948.235
SMRMC|920|8521.1175
SMRMC|921|6030.5875
SMRMC|922|13205.8975
SMRMC|923|7405.1325
SMRMC|927|157339.9475
SMRMC|928|49289.1225
SMRMC|929|23720.505
SMRMC|933|25282.095
SMRMC|934|14826.4325
SMRMC|935|15789.155
SMRMC|939|29323.21
SMRMC|940|18457.305
SMRMC|941|15776.5825
SMRMC|945|12040.39
SMRMC|946|9145.91
SMRMC|947|10012.7575
SMRMC|948|6730.0375
SMRMC|949|9160.8425
SMRMC|950|6425.89
SMRMC|951|5212.4525
SMRMC|955|48390.035
SMRMC|956|31436.5075
SMRMC|957|59810.805
SMRMC|958|33539.5875
SMRMC|959|22612.375
SMRMC|963|22019.8025
SMRMC|964|12340.61
SMRMC|965|7810.6625
SMRMC|969|46206.7875
SMRMC|970|23527.955
SMRMC|974|21617.4225
SMRMC|975|11149.97
SMRMC|976|7787.875
SMRMC|977|10823.815
SMRMC|981|35895.735
SMRMC|982|19764.26
SMRMC|983|13469.1675
SMRMC|987|26802.8175
SMRMC|988|14107.3125
SMRMC|989|9659.8975
SMRMC|998|#VALUE!
SMRMC|999|#VALUE!
SFMC|1|262233.7725
SFMC|2|145008.905
SFMC|3|172531.2375
SFMC|4|108413.81
SFMC|5|93675.93
SFMC|6|43926.7175
SFMC|7|105826.3375
SFMC|8|50537.965
SFMC|10|34267.565
SFMC|11|46846.9725
SFMC|12|36194.0075
SFMC|13|26198.4725
SFMC|14|116659.1675
SFMC|16|62224.29
SFMC|17|45172.345
SFMC|18|337454.7375
SFMC|19|61646.0075
SFMC|20|94546.515
SFMC|21|69467.7675
SFMC|22|45436.76
SFMC|23|52655.9425
SFMC|24|37098.7575
SFMC|25|42128.005
SFMC|26|29233.8375
SFMC|27|24321.515
SFMC|28|54074.25
SFMC|29|31365.3325
SFMC|30|22930.185
SFMC|31|40998.4075
SFMC|32|21627.0175
SFMC|33|17206.645
SFMC|34|37477.3925
SFMC|35|22750.32
SFMC|36|18380.3025
SFMC|37|31182.7475
SFMC|38|16636.4375
SFMC|39|11975.05
SFMC|40|37326.3075
SFMC|41|22873.515
SFMC|42|18683.395
SFMC|52|18325.445
SFMC|53|11948.96
SFMC|54|14014.8125
SFMC|55|11115.25
SFMC|56|21403.06
SFMC|57|13101.0425
SFMC|58|17350.545
SFMC|59|11862.62
SFMC|60|9965.86
SFMC|61|27706.7125
SFMC|62|19603.445
SFMC|63|17109.5075
SFMC|64|18936.11
SFMC|65|10888.6025
SFMC|66|8124.8675
SFMC|67|14543.63
SFMC|68|9723.03
SFMC|69|8801.1775
SFMC|70|16808.2275
SFMC|71|10822.055
SFMC|72|8667.195
SFMC|73|14766.655
SFMC|74|10890.4225
SFMC|75|16354.9425
SFMC|76|10553.1475
SFMC|77|15508.6325
SFMC|78|10266.2575
SFMC|79|8267.875
SFMC|80|20545.9725
SFMC|81|8674.3775
SFMC|82|22039.815
SFMC|83|13798.05
SFMC|84|9863.3475
SFMC|85|22474.205
SFMC|86|13179.2875
SFMC|87|9489.2075
SFMC|88|14855.7075
SFMC|89|11275.3425
SFMC|90|9419.0275
SFMC|91|16560.905
SFMC|92|10599.91
SFMC|93|8758.0075
SFMC|94|34406.0725
SFMC|95|24287.33
SFMC|96|22699.965
SFMC|97|35480.8125
SFMC|98|20715.9725
SFMC|99|14298.0875
SFMC|100|18581.7625
SFMC|101|9708.64
SFMC|102|12089.26
SFMC|103|9179.81
SFMC|113|21443.5375
SFMC|114|14731.6
SFMC|115|14801.74
SFMC|116|18614.135
SFMC|117|11074.7725
SFMC|121|12422.02
SFMC|122|7521.395
SFMC|123|8614.1275
SFMC|124|14311.5875
SFMC|125|9244.575
SFMC|135|20983.0675
SFMC|136|13022.8
SFMC|137|14939.345
SFMC|138|9313.825
SFMC|139|12764.69
SFMC|140|37531.36
SFMC|141|21584.7475
SFMC|142|16200.265
SFMC|143|28386.6375
SFMC|144|17474.6425
SFMC|145|12645.075
SFMC|146|20016.2425
SFMC|147|13432.915
SFMC|148|8802.9775
SFMC|149|8346.12
SFMC|150|13645.1625
SFMC|151|8359.61
SFMC|152|11416.54
SFMC|153|8122.1625
SFMC|154|15603.9675
SFMC|155|9886.715
SFMC|156|7645.5125
SFMC|157|15872.895
SFMC|158|9727.5225
SFMC|159|7629.32
SFMC|163|46336.1275
SFMC|164|25436.72
SFMC|165|18896.5525
SFMC|166|35814.485
SFMC|167|18468.455
SFMC|168|14047.1725
SFMC|175|15619.2575
SFMC|176|9705.9575
SFMC|177|18327.245
SFMC|178|12576.7175
SFMC|179|9565.65
SFMC|180|17360.4325
SFMC|181|11812.255
SFMC|182|8813.765
SFMC|183|15721.79
SFMC|184|11079.285
SFMC|185|8688.78
SFMC|186|15610.2525
SFMC|187|11014.52
SFMC|188|8279.5525
SFMC|189|12746.6975
SFMC|190|11839.245
SFMC|191|9673.575
SFMC|192|7980.975
SFMC|193|13519.255
SFMC|194|9492.79
SFMC|195|7712.0575
SFMC|196|17345.1525
SFMC|197|10775.2825
SFMC|198|8407.2625
SFMC|199|17808.315
SFMC|200|11399.4475
SFMC|201|8112.2675
SFMC|202|10415.5525
SFMC|203|8076.3025
SFMC|204|8858.7475
SFMC|205|16861.285
SFMC|206|9683.4625
SFMC|207|53232.4525
SFMC|208|24595.805
SFMC|215|102081.3775
SFMC|216|95535.815
SFMC|217|60125.165
SFMC|218|47987.3675
SFMC|219|74175.93
SFMC|220|50296.015
SFMC|221|42673.0225
SFMC|222|77467.6125
SFMC|223|57600.6475
SFMC|224|67944.235
SFMC|225|52336.6775
SFMC|226|61195.4225
SFMC|227|48964.96
SFMC|228|57629.4475
SFMC|229|37597.9075
SFMC|231|78089.055
SFMC|232|54778.46
SFMC|233|71815.995
SFMC|234|49554.04
SFMC|235|55964.7075
SFMC|236|38432.5175
SFMC|239|44978.98
SFMC|240|26823.5375
SFMC|241|16043.775
SFMC|242|35210.1025
SFMC|243|24508.585
SFMC|244|20309.4475
SFMC|245|50422.825
SFMC|246|29842.6925
SFMC|247|19612.4425
SFMC|248|30276.195
SFMC|249|18633.03
SFMC|250|24420.4425
SFMC|251|16658.9225
SFMC|252|31596.445
SFMC|253|25597.695
SFMC|254|18005.27
SFMC|255|24602.1
SFMC|256|16508.74
SFMC|257|12172.8975
SFMC|258|30522.625
SFMC|259|20799.6
SFMC|260|33966.275
SFMC|261|19640.3125
SFMC|262|17093.3275
SFMC|263|22464.32
SFMC|264|30940.8175
SFMC|265|31974.2075
SFMC|266|65560.915
SFMC|267|52103.7475
SFMC|268|64278.42
SFMC|269|40535.2225
SFMC|270|48332.72
SFMC|271|33790.0125
SFMC|272|25913.375
SFMC|273|36241.66
SFMC|274|31278.9825
SFMC|280|16356.7325
SFMC|281|10114.2625
SFMC|282|8256.1775
SFMC|283|18500.8275
SFMC|284|8334.4
SFMC|285|6195.7325
SFMC|286|21644.0975
SFMC|287|12073.9675
SFMC|288|25843.225
SFMC|289|16504.235
SFMC|290|10937.1775
SFMC|291|13790.855
SFMC|292|9781.49
SFMC|293|7600.53
SFMC|294|13262.0275
SFMC|295|10556.74
SFMC|296|16074.345
SFMC|297|8068.205
SFMC|298|6121.98
SFMC|299|15504.1575
SFMC|300|11104.4525
SFMC|301|8409.075
SFMC|302|11565.845
SFMC|303|7814.58
SFMC|304|11584.7075
SFMC|305|8373.1
SFMC|306|15255.035
SFMC|307|9541.3625
SFMC|308|12517.3675
SFMC|309|8471.1275
SFMC|310|6753.33
SFMC|311|7999.8475
SFMC|312|9260.7575
SFMC|313|8213.9075
SFMC|314|20468.63
SFMC|315|10501.8825
SFMC|316|8472.0075
SFMC|319|40546.03
SFMC|320|23709.0375
SFMC|326|50096.3775
SFMC|327|25201.0775
SFMC|328|16710.19
SFMC|329|45353.1225
SFMC|330|24566.125
SFMC|331|17111.31
SFMC|332|39142.1225
SFMC|333|20986.67
SFMC|334|16203.8575
SFMC|335|36720.125
SFMC|336|22262.86
SFMC|337|16414.3025
SFMC|338|26902.6725
SFMC|339|16975.515
SFMC|340|12779.07
SFMC|341|22562.3475
SFMC|342|14620.0725
SFMC|343|11708.8325
SFMC|344|26921.5775
SFMC|345|15920.56
SFMC|346|13198.1725
SFMC|347|23870.0175
SFMC|348|13804.3325
SFMC|349|10538.7575
SFMC|350|23787.2725
SFMC|351|15135.4125
SFMC|352|11651.2725
SFMC|353|28786.845
SFMC|354|17766.945
SFMC|355|13955.43
SFMC|356|40326.5875
SFMC|357|22000.245
SFMC|358|13773.7625
SFMC|368|19199.625
SFMC|369|11415.64
SFMC|370|8454.935
SFMC|371|17275.0025
SFMC|372|10973.1525
SFMC|373|8418.06
SFMC|374|20329.2425
SFMC|375|12567.7225
SFMC|376|9782.3925
SFMC|377|17909.945
SFMC|378|10663.765
SFMC|379|7461.1225
SFMC|380|18667.2025
SFMC|381|11261.8425
SFMC|382|8641.095
SFMC|383|13521.0375
SFMC|384|9757.2125
SFMC|385|16292.8875
SFMC|386|10666.4775
SFMC|387|8148.2525
SFMC|388|15327.865
SFMC|389|9122.2625
SFMC|390|6970.9825
SFMC|391|12922.96
SFMC|392|8606.0225
SFMC|393|16603.165
SFMC|394|10172.7225
SFMC|395|7574.4625
SFMC|405|53269.33
SFMC|406|27605.9625
SFMC|407|20761.8325
SFMC|408|35452.93
SFMC|409|20746.5325
SFMC|410|15812.6225
SFMC|411|35479.01
SFMC|412|22198.095
SFMC|413|17302.8825
SFMC|414|34337.715
SFMC|415|20005.4675
SFMC|416|14522.035
SFMC|417|23527.36
SFMC|418|16913.45
SFMC|419|13559.725
SFMC|420|33335.835
SFMC|421|18899.235
SFMC|422|14784.6475
SFMC|423|39315.705
SFMC|424|22251.17
SFMC|425|15611.175
SFMC|432|18658.2175
SFMC|433|10981.245
SFMC|434|7303.7325
SFMC|435|17495.335
SFMC|436|11805.9525
SFMC|437|9776.0975
SFMC|438|16087.825
SFMC|439|9325.5125
SFMC|440|7180.5375
SFMC|441|18672.6075
SFMC|442|10109.76
SFMC|443|7692.275
SFMC|444|16739.88
SFMC|445|11415.64
SFMC|446|9071.9075
SFMC|453|84415.175
SFMC|454|56575.3925
SFMC|455|44819.81
SFMC|456|79059.4725
SFMC|457|60207.905
SFMC|458|46855.96
SFMC|459|62274.655
SFMC|460|37100.56
SFMC|461|56378.425
SFMC|462|30009.0775
SFMC|463|49985.75
SFMC|464|28482.8625
SFMC|465|18311.945
SFMC|466|49802.2725
SFMC|467|33894.345
SFMC|468|26949.445
SFMC|469|29471.2625
SFMC|470|18818.3075
SFMC|471|46850.565
SFMC|472|29190.6575
SFMC|473|24576.9125
SFMC|474|38360.5675
SFMC|475|21459.7275
SFMC|476|12162.11
SFMC|477|31922.03
SFMC|478|22928.3925
SFMC|479|18003.47
SFMC|480|28932.5475
SFMC|481|20577.455
SFMC|482|16542.0125
SFMC|483|23192.8075
SFMC|485|32378
SFMC|486|21053.215
SFMC|487|16483.5525
SFMC|488|19490.1275
SFMC|489|13406.8275
SFMC|492|32923.0175
SFMC|493|22643.2825
SFMC|494|18386.6075
SFMC|495|34415.9475
SFMC|496|19589.055
SFMC|497|14850.3125
SFMC|498|24973.5575
SFMC|499|12511.9625
SFMC|500|30096.32
SFMC|501|17425.1775
SFMC|502|13700.0225
SFMC|503|25372.8575
SFMC|504|17685.1075
SFMC|505|17685.1075
SFMC|506|15003.2
SFMC|507|19919.115
SFMC|508|14448.2925
SFMC|509|16784.83
SFMC|510|26290.2075
SFMC|511|19435.27
SFMC|512|15727.185
SFMC|513|15752.3625
SFMC|514|10672.7725
SFMC|515|29944.3225
SFMC|516|19368.7125
SFMC|517|14292.695
SFMC|518|33967.175
SFMC|519|19338.1425
SFMC|520|14478.8725
SFMC|521|29282.3925
SFMC|522|21419.2625
SFMC|533|14435.6825
SFMC|534|8823.6625
SFMC|535|12827.6425
SFMC|536|8670.7875
SFMC|537|10124.15
SFMC|538|8219.29
SFMC|539|19189.7375
SFMC|540|13380.7475
SFMC|541|9291.34
SFMC|542|17967.505
SFMC|543|11114.34
SFMC|544|8712.145
SFMC|545|24210.8875
SFMC|546|12583.0225
SFMC|547|9222.9925
SFMC|548|19984.76
SFMC|549|12945.455
SFMC|550|9669.9825
SFMC|551|16328.8625
SFMC|552|10203.295
SFMC|553|13137.92
SFMC|554|8839.865
SFMC|555|13987.8125
SFMC|556|8982.865
SFMC|557|14267.5275
SFMC|558|9450.53
SFMC|559|18530.4975
SFMC|560|11412.035
SFMC|561|8846.1575
SFMC|562|14394.325
SFMC|563|9562.9475
SFMC|564|15345.8575
SFMC|565|10781.5775
SFMC|566|8490.01
SFMC|570|27239.9375
SFMC|571|16416.105
SFMC|572|11647.6725
SFMC|573|51531.7375
SFMC|574|30945.31
SFMC|575|17573.59
SFMC|576|47157.2475
SFMC|577|24699.2375
SFMC|578|16397.21
SFMC|579|28062.8525
SFMC|580|16123.8
SFMC|581|12992.2175
SFMC|582|16443.085
SFMC|583|15562.6
SFMC|584|18138.385
SFMC|585|17349.645
SFMC|592|16900.8525
SFMC|593|11955.245
SFMC|594|9094.37
SFMC|595|19827.3825
SFMC|596|10627.8
SFMC|597|16451.1775
SFMC|598|11725.025
SFMC|599|7767.8275
SFMC|600|10686.26
SFMC|601|7915.32
SFMC|602|14651.545
SFMC|603|9329.125
SFMC|604|15143.4775
SFMC|605|9908.2975
SFMC|606|15320.69
SFMC|607|9156.435
SFMC|614|23197.29
SFMC|615|15888.1775
SFMC|616|37605.1125
SFMC|617|20025.24
SFMC|618|13449.9875
SFMC|619|29261.7175
SFMC|620|17569.9775
SFMC|621|16088.715
SFMC|622|34223.495
SFMC|623|18575.4575
SFMC|624|11573.03
SFMC|625|27284.01
SFMC|626|16591.455
SFMC|627|12359.9675
SFMC|628|34990.65
SFMC|629|22837.56
SFMC|630|14384.44
SFMC|637|14094.8375
SFMC|638|9640.2925
SFMC|639|7211.1075
SFMC|640|12773.665
SFMC|641|8503.5
SFMC|642|13310.59
SFMC|643|16690.405
SFMC|644|10889.5225
SFMC|645|8636.6025
SFMC|650|42320.4675
SFMC|651|34950.17
SFMC|652|30348.1325
SFMC|653|50739.405
SFMC|654|27814.6375
SFMC|655|20438.9575
SFMC|656|31245.71
SFMC|657|19125.8825
SFMC|658|15933.1275
SFMC|659|25697.5325
SFMC|660|14712.7075
SFMC|661|11304.1225
SFMC|662|28080.845
SFMC|663|16075.235
SFMC|664|12381.5525
SFMC|665|29042.2625
SFMC|666|17328.94
SFMC|667|10679.055
SFMC|668|26509.6575
SFMC|669|15508.6325
SFMC|670|10513.58
SFMC|671|17710.2875
SFMC|672|12082.065
SFMC|673|32877.1575
SFMC|674|23139.75
SFMC|675|17488.1525
SFMC|682|14953.725
SFMC|683|9628.6025
SFMC|684|7194.9275
SFMC|686|18578.1725
SFMC|687|11154.8175
SFMC|688|7894.625
SFMC|689|11725.9075
SFMC|690|8856.055
SFMC|693|13142.4225
SFMC|694|8290.3425
SFMC|695|11950.7625
SFMC|696|7934.1925
SFMC|697|10697.95
SFMC|698|16181.3825
SFMC|699|10951.565
SFMC|700|8429.76
SFMC|707|19004.47
SFMC|708|15144.3975
SFMC|709|22523.67
SFMC|710|16120.2075
SFMC|711|20890.4225
SFMC|712|11242.0575
SFMC|713|15146.1875
SFMC|714|10081.88
SFMC|715|19888.555
SFMC|716|13211.65
SFMC|717|17906.3425
SFMC|718|12849.23
SFMC|722|17101.4325
SFMC|723|11526.2675
SFMC|724|7571.75
SFMC|725|13260.235
SFMC|726|8416.26
SFMC|727|14485.1675
SFMC|728|8957.6875
SFMC|729|10768.0975
SFMC|730|6818.985
SFMC|734|21722.3525
SFMC|735|14443.79
SFMC|736|40027.99
SFMC|737|20241.99
SFMC|738|15011.305
SFMC|739|36102.2625
SFMC|740|17919.8425
SFMC|741|13238.64
SFMC|742|17173.3625
SFMC|743|11914.7775
SFMC|744|17865.875
SFMC|745|12258.3375
SFMC|746|16205.6475
SFMC|747|10167.32
SFMC|748|13857.4025
SFMC|749|26080.66
SFMC|750|14915.0575
SFMC|754|18108.6925
SFMC|755|11872.5175
SFMC|756|9970.3625
SFMC|757|15420.5
SFMC|758|10428.13
SFMC|759|7875.7425
SFMC|760|10028.8225
SFMC|761|7037.5375
SFMC|768|12261.0375
SFMC|769|16304.5775
SFMC|770|9718.525
SFMC|776|8645.5875
SFMC|779|11088.2625
SFMC|783|18573.68
SFMC|784|11578.4125
SFMC|785|9963.1775
SFMC|786|16041.0525
SFMC|787|11288.8325
SFMC|788|9709.55
SFMC|789|17186.86
SFMC|790|52699.13
SFMC|791|36540.27
SFMC|792|22734.1375
SFMC|793|37487.29
SFMC|794|14387.14
SFMC|795|3444.575
SFMC|796|11335.5825
SFMC|797|10004.535
SFMC|798|9171.725
SFMC|799|47993.6525
SFMC|800|28275.11
SFMC|801|16872.0925
SFMC|802|35085.9875
SFMC|803|18682.505
SFMC|804|14000.41
SFMC|805|10965.9675
SFMC|806|8331.73
SFMC|807|7497.1075
SFMC|808|21318.5325
SFMC|809|12718.8175
SFMC|810|10371.4825
SFMC|811|14120.915
SFMC|812|9642.985
SFMC|813|15623.7525
SFMC|814|18736.4725
SFMC|815|10657.4725
SFMC|816|7675.1825
SFMC|817|22432.8475
SFMC|818|13571.4125
SFMC|819|10706.045
SFMC|820|52880.7975
SFMC|821|21113.4675
SFMC|822|12987.725
SFMC|823|42176.5775
SFMC|824|22980.55
SFMC|825|14328.67
SFMC|826|47030.44
SFMC|827|24193.805
SFMC|828|16819.905
SFMC|829|30562.1925
SFMC|830|15010.385
SFMC|831|11814.0575
SFMC|832|8744.5275
SFMC|833|6551.88
SFMC|834|56143.6925
SFMC|835|20741.14
SFMC|836|12250.26
SFMC|837|52987.8225
SFMC|838|22046.13
SFMC|839|15098.525
SFMC|840|30652.125
SFMC|841|16308.17
SFMC|842|11582.025
SFMC|843|18845.2775
SFMC|844|12348.28
SFMC|845|9352.5025
SFMC|846|25743.395
SFMC|847|13739.6
SFMC|848|10985.74
SFMC|849|24102.9525
SFMC|853|46201.2125
SFMC|854|20567.5575
SFMC|855|15176.77
SFMC|856|42613.6625
SFMC|857|20030.645
SFMC|858|13858.3125
SFMC|862|18628.5375
SFMC|863|10521.655
SFMC|864|9600.715
SFMC|865|15031.98
SFMC|866|9260.7575
SFMC|867|21782.605
SFMC|868|11250.165
SFMC|869|8260.67
SFMC|870|59513.6
SFMC|871|18533.2
SFMC|872|10919.1925
SFMC|876|31062.2325
SFMC|880|9498.1925
SFMC|881|8938.7725
SFMC|882|9133.06
SFMC|883|15925.9425
SFMC|884|14716.31
SFMC|885|12857.3125
SFMC|886|12717.015
SFMC|887|11432.7425
SFMC|894|6655.3225
SFMC|895|16049.16
SFMC|896|17712.9875
SFMC|897|9155.545
SFMC|901|40063.955
SFMC|902|19380.4
SFMC|903|11933.67
SFMC|904|35200.205
SFMC|905|16497.9325
SFMC|906|17864.085
SFMC|907|37320.0025
SFMC|908|20081.8975
SFMC|909|14096.6475
SFMC|913|16448.4775
SFMC|914|9723.03
SFMC|915|16998.89
SFMC|916|7642.81
SFMC|917|15019.38
SFMC|918|8846.1575
SFMC|919|18229.2175
SFMC|920|10970.45
SFMC|921|7949.485
SFMC|922|16009.58
SFMC|923|10098.9625
SFMC|927|190875.5525
SFMC|928|60361.7
SFMC|929|28792.24
SFMC|933|22035.32
SFMC|934|19154.6625
SFMC|935|19118.6875
SFMC|939|32185.545
SFMC|940|21675.59
SFMC|941|19041.335
SFMC|945|15084.145
SFMC|946|11868.915
SFMC|947|12434.62
SFMC|948|8796.6925
SFMC|949|11688.14
SFMC|950|8376.68
SFMC|951|6751.5275
SFMC|955|58283.285
SFMC|956|36345.9925
SFMC|957|68471.2725
SFMC|958|39553.14
SFMC|959|26321.6875
SFMC|963|26231.765
SFMC|964|15117.43
SFMC|965|9941.5725
SFMC|969|53781.065
SFMC|970|28218.45
SFMC|974|25885.4925
SFMC|975|13235.0575
SFMC|976|10267.15
SFMC|977|13610.0875
SFMC|981|43172.1725
SFMC|982|24587.73
SFMC|983|16613.9625
SFMC|987|31069.425
SFMC|988|16846.895
SFMC|989|11767.285
SFMC|998|#VALUE!
SFMC|999|#VALUE!
